Date 	Time  	Inlet Cold	Inlet Steam						10 pre-1	10 post-1	10 port	Line 1 Flow Rate	Line 2 Flow Rate	Line 3 Flow Rate	Line 4 Flow Rate	Line 5 Flow Rate	Line 6 Flow Rate
9/3/2015	12:27:44 PM	27.73	46.14	1.50	0.53	27.28	28.25	28.61	27.38	29.31	26.83	0.00	0.00	0.00	0.00	0.00	0.00
9/3/2015	12:27:47 PM	28.12	46.07	1.56	0.56	27.38	28.25	28.64	27.38	29.35	26.67	0.00	0.00	0.00	0.00	0.00	0.00
9/3/2015	12:27:49 PM	27.54	46.30	1.50	0.53	27.28	28.15	28.61	27.25	29.12	26.83	0.00	0.00	0.00	0.00	0.00	0.00
9/3/2015	12:27:51 PM	26.86	46.01	1.50	0.60	27.38	28.12	28.67	27.57	29.12	26.93	0.00	0.00	0.00	0.00	3.06	0.00
9/3/2015	12:27:54 PM	26.74	46.20	1.47	0.56	27.25	28.35	28.64	27.77	29.51	26.57	0.00	0.00	0.00	1.92	3.78	0.00
9/3/2015	12:27:56 PM	26.61	46.24	1.53	0.53	27.44	28.35	28.73	27.64	29.51	26.45	0.00	0.00	0.00	2.15	4.15	0.00
9/3/2015	12:27:59 PM	26.77	46.07	1.56	0.56	27.12	28.28	28.67	27.22	28.96	26.51	0.00	0.00	0.00	1.92	4.33	0.00
9/3/2015	12:28:01 PM	26.80	45.75	1.37	0.66	27.22	28.31	28.70	27.28	28.93	26.54	0.00	0.00	0.00	3.05	4.19	0.00
9/3/2015	12:28:03 PM	26.96	45.78	1.63	0.53	27.25	28.38	28.93	27.61	28.80	26.48	0.00	0.00	0.00	2.83	5.11	5.35
9/3/2015	12:28:06 PM	26.22	45.59	1.47	0.47	27.12	28.48	28.44	27.25	29.15	26.54	0.00	0.00	0.00	3.28	5.23	4.95
9/3/2015	12:28:08 PM	26.67	45.78	1.47	0.53	26.90	28.51	28.41	27.35	28.67	26.54	0.00	0.00	0.00	3.66	4.94	3.26
9/3/2015	12:28:11 PM	26.51	45.69	1.50	0.56	27.03	28.64	28.48	27.57	28.77	26.67	0.00	0.00	0.00	4.28	4.64	5.20
9/3/2015	12:28:13 PM	26.74	45.46	1.47	0.53	27.12	28.41	28.51	27.38	28.73	26.41	0.00	0.00	0.00	4.31	4.59	5.41
9/3/2015	12:28:15 PM	26.38	45.37	1.43	0.53	26.83	28.38	28.51	27.44	28.80	26.51	0.00	0.00	0.00	4.28	4.61	5.50
9/3/2015	12:28:18 PM	26.45	45.33	1.50	0.60	26.74	28.61	28.28	27.22	28.48	22.90	0.00	0.00	0.00	4.33	4.59	5.55
9/3/2015	12:28:20 PM	26.45	45.17	1.53	0.56	27.12	28.28	28.48	27.57	28.31	26.51	0.00	0.00	0.00	4.37	4.58	5.51
9/3/2015	12:28:23 PM	26.35	45.27	1.47	0.56	26.74	27.93	28.64	27.22	28.57	12.46	0.00	0.00	0.00	4.38	4.60	5.53
9/3/2015	12:28:25 PM	26.64	45.17	1.47	0.60	26.80	28.22	28.48	27.12	28.90	12.23	0.00	0.00	0.00	4.33	4.58	5.47
9/3/2015	12:28:27 PM	26.35	45.33	1.43	0.60	26.83	28.12	28.38	27.25	28.64	26.38	0.00	0.00	0.00	4.42	4.60	5.49
9/3/2015	12:28:30 PM	26.41	45.14	1.50	0.53	26.70	27.99	28.12	27.19	28.48	26.48	0.00	0.00	0.00	4.34	4.58	5.48
9/3/2015	12:28:32 PM	26.61	45.24	1.43	0.53	26.80	27.99	28.25	27.41	28.48	12.17	0.00	0.00	0.00	4.39	4.59	5.44
9/3/2015	12:28:35 PM	26.51	45.17	1.50	0.53	26.74	27.83	28.28	27.03	28.35	26.35	0.00	0.00	0.00	4.33	4.57	5.41
9/3/2015	12:28:37 PM	26.16	45.11	1.47	0.56	26.64	28.02	28.15	27.09	28.54	12.20	0.00	0.00	0.00	4.39	4.56	5.44
9/3/2015	12:28:39 PM	26.45	44.88	1.47	0.56	26.48	27.93	28.48	27.03	28.61	12.10	0.00	0.00	0.00	4.37	4.58	5.49
9/3/2015	12:28:42 PM	26.35	44.69	1.56	0.50	26.67	27.96	27.99	27.09	28.28	12.10	0.00	0.00	0.00	4.41	4.59	5.45
9/3/2015	12:28:44 PM	26.51	44.75	1.59	0.53	26.74	27.90	28.12	27.15	28.51	12.33	0.00	0.00	0.00	4.38	4.59	5.47
9/3/2015	12:28:47 PM	26.54	44.82	1.47	0.53	26.54	27.73	28.44	26.93	28.15	26.32	0.00	0.00	0.00	4.39	4.61	5.45
9/3/2015	12:28:49 PM	26.48	44.72	1.53	0.56	26.41	27.96	28.35	26.90	28.35	12.23	0.00	0.00	0.00	4.33	4.58	5.45
9/3/2015	12:28:51 PM	26.48	44.69	1.53	0.60	26.67	27.77	28.35	26.93	28.35	12.01	0.00	0.00	0.00	4.36	4.59	5.51
9/3/2015	12:28:54 PM	26.41	44.98	1.53	0.60	26.80	27.80	28.38	26.86	28.28	26.06	0.00	0.00	0.00	4.36	4.58	5.55
9/3/2015	12:28:56 PM	26.64	45.04	1.43	0.56	27.03	27.90	28.28	27.12	28.51	26.28	0.00	0.00	0.00	4.41	4.59	5.48
9/3/2015	12:28:59 PM	25.38	75.25	1.43	0.47	26.90	28.06	28.31	27.12	28.61	11.91	0.00	0.00	0.00	4.37	4.62	5.53
9/3/2015	12:29:01 PM	25.48	79.40	1.47	0.53	26.67	27.51	28.44	26.90	28.06	25.96	0.00	0.00	0.00	4.39	4.57	5.46
9/3/2015	12:29:03 PM	23.06	115.31	1.43	0.50	26.32	27.73	28.38	27.32	28.06	26.16	0.00	0.00	0.00	4.40	4.65	5.52
9/3/2015	12:29:06 PM	22.90	117.21	1.37	0.53	26.54	27.80	28.48	26.83	28.25	26.12	0.00	0.00	0.00	4.36	4.63	5.50
9/3/2015	12:29:08 PM	23.06	117.11	1.34	0.56	26.77	28.15	28.31	27.06	28.02	12.07	0.00	0.00	0.00	4.45	4.65	5.47
9/3/2015	12:29:11 PM	22.96	116.21	1.43	0.60	26.77	29.15	28.19	27.03	28.31	11.65	0.00	0.00	0.00	4.40	4.62	5.50
9/3/2015	12:29:13 PM	23.32	115.86	1.40	0.60	26.83	29.99	28.28	27.35	28.02	12.13	0.00	0.00	0.00	4.38	4.64	5.45
9/3/2015	12:29:15 PM	23.13	115.21	1.40	0.53	26.93	30.60	28.41	27.90	28.09	26.67	0.00	0.00	0.00	4.38	4.60	5.50
9/3/2015	12:29:18 PM	23.29	115.18	1.37	0.60	27.41	30.96	28.31	28.19	28.09	26.90	0.00	0.00	0.00	4.46	4.64	5.52
9/3/2015	12:29:20 PM	23.03	114.83	1.43	0.50	27.38	31.41	28.15	28.31	28.41	13.26	0.00	0.00	0.00	4.45	4.66	5.55
9/3/2015	12:29:23 PM	23.16	113.83	1.37	0.56	27.51	32.12	28.31	28.48	28.83	13.97	0.00	0.00	0.00	4.39	4.59	5.51
9/3/2015	12:29:25 PM	23.35	113.60	1.40	0.56	27.51	32.73	28.44	28.90	28.93	14.13	0.00	0.00	0.00	4.38	4.67	5.44
9/3/2015	12:29:27 PM	23.38	113.02	1.37	0.53	27.86	34.02	27.96	29.70	29.54	28.22	0.00	0.00	0.00	4.41	4.67	5.50
9/3/2015	12:29:30 PM	23.42	112.28	1.43	0.56	28.15	35.28	28.19	29.89	29.57	14.58	0.00	0.00	0.00	4.36	4.61	5.51
9/3/2015	12:29:32 PM	23.58	110.99	1.47	0.56	28.35	36.76	28.06	30.60	29.93	29.02	0.00	0.00	0.00	4.38	4.65	5.50
9/3/2015	12:29:35 PM	23.32	109.99	1.40	0.60	28.48	37.66	28.19	31.44	30.35	16.84	0.00	0.00	0.00	4.38	4.64	5.47
9/3/2015	12:29:37 PM	23.54	109.06	1.43	0.60	28.96	38.89	28.15	32.09	30.67	30.18	0.00	0.00	0.00	4.35	4.70	5.45
9/3/2015	12:29:39 PM	23.51	107.93	1.40	0.56	29.09	40.21	28.19	32.54	30.93	30.83	0.00	0.00	0.00	4.42	4.66	5.45
9/3/2015	12:29:42 PM	23.71	107.51	1.37	0.53	29.48	41.01	27.90	33.38	31.92	31.47	0.00	0.00	0.00	4.37	4.69	5.42
9/3/2015	12:29:44 PM	23.80	107.06	1.40	0.56	30.09	42.11	27.96	34.02	32.38	20.42	0.00	0.00	0.00	4.44	4.72	5.50
9/3/2015	12:29:47 PM	23.54	106.45	1.40	0.56	30.12	43.17	28.15	34.79	32.76	21.16	0.00	0.00	0.00	4.44	4.69	5.58
9/3/2015	12:29:49 PM	23.64	106.25	1.37	0.56	30.57	44.40	28.19	35.34	33.47	33.34	0.00	0.00	0.00	4.43	4.73	5.57
9/3/2015	12:29:51 PM	23.51	105.93	1.40	0.60	30.64	45.59	27.86	36.08	33.86	34.02	0.00	0.00	0.00	4.46	4.69	5.54
9/3/2015	12:29:54 PM	23.87	105.80	1.47	0.56	31.05	47.04	28.02	36.70	34.66	34.73	0.00	0.00	0.00	4.38	4.66	5.45
9/3/2015	12:29:56 PM	23.74	105.54	1.40	0.56	31.38	48.11	27.90	37.57	35.18	24.48	0.00	0.00	0.00	4.45	4.68	5.50
9/3/2015	12:29:59 PM	23.90	105.45	1.37	0.63	31.51	48.72	28.06	38.21	36.05	35.99	0.00	0.00	0.00	4.43	4.73	5.51
9/3/2015	12:30:01 PM	23.51	105.29	1.43	0.56	31.89	49.56	28.02	38.66	36.66	36.79	0.00	0.00	0.00	4.46	4.68	5.51
9/3/2015	12:30:03 PM	23.54	105.16	1.37	0.50	32.38	50.23	28.38	39.11	37.05	26.86	0.00	0.00	0.00	4.41	4.67	5.51
9/3/2015	12:30:06 PM	23.67	104.96	1.43	0.63	32.34	50.62	28.25	39.66	37.86	37.79	0.00	0.00	0.00	4.46	4.70	5.49
9/3/2015	12:30:08 PM	23.77	105.19	1.34	0.47	32.47	51.33	28.02	39.92	38.47	27.99	0.00	0.00	0.00	4.48	4.71	5.54
9/3/2015	12:30:11 PM	23.93	104.93	1.40	0.60	32.92	51.88	27.80	40.40	39.11	38.47	0.00	0.00	0.00	4.43	4.68	5.53
9/3/2015	12:30:13 PM	23.96	104.83	1.40	0.56	33.02	52.84	27.86	40.66	39.37	29.19	0.00	0.00	0.00	4.42	4.75	5.56
9/3/2015	12:30:15 PM	23.96	104.77	1.40	0.60	32.92	53.17	27.96	40.98	39.98	39.40	0.00	0.00	0.00	4.46	4.74	5.59
9/3/2015	12:30:18 PM	24.00	104.74	1.37	0.47	33.18	53.46	28.28	41.50	40.21	39.60	0.00	0.00	0.00	4.42	4.67	5.57
9/3/2015	12:30:20 PM	23.64	104.90	1.37	0.53	33.31	53.55	27.70	41.72	40.69	30.54	0.00	0.00	0.00	4.46	4.73	5.54
9/3/2015	12:30:23 PM	23.64	104.90	1.43	0.53	33.50	54.07	28.22	41.98	41.21	31.09	0.00	0.00	0.00	4.48	4.68	5.55
9/3/2015	12:30:25 PM	23.58	104.93	1.34	0.56	33.63	54.23	27.64	41.95	41.37	30.83	0.00	0.00	0.00	4.57	4.71	5.61
9/3/2015	12:30:27 PM	23.77	104.77	1.30	0.50	33.73	54.52	27.90	42.14	41.63	31.25	0.00	0.00	0.00	5.12	3.25	5.58
9/3/2015	12:30:30 PM	23.74	105.41	1.37	0.53	34.83	55.04	27.90	43.21	42.01	41.18	0.00	0.00	0.00	6.52	0.00	5.60
9/3/2015	12:30:32 PM	23.77	105.06	1.43	0.56	36.21	55.49	27.83	44.62	42.34	32.25	0.00	0.00	0.00	6.52	0.00	5.67
9/3/2015	12:30:35 PM	23.87	104.90	1.43	0.53	36.76	55.84	27.90	45.17	42.46	34.18	0.00	0.00	0.00	6.47	0.00	5.64
9/3/2015	12:30:37 PM	23.93	105.29	1.43	0.56	37.24	56.16	27.80	45.59	43.27	43.98	0.00	0.00	0.00	6.56	0.00	5.76
9/3/2015	12:30:39 PM	23.77	105.41	1.47	0.50	37.37	56.97	27.99	45.82	43.92	44.08	0.00	0.00	0.00	6.54	0.00	5.70
9/3/2015	12:30:42 PM	23.80	105.64	1.40	0.60	37.47	58.10	27.90	46.43	44.82	44.69	0.00	0.00	0.00	6.49	0.00	5.72
9/3/2015	12:30:44 PM	23.77	105.45	1.43	0.56	37.66	59.03	27.70	47.20	44.98	36.47	0.00	0.00	0.00	6.74	0.00	5.68
9/3/2015	12:30:47 PM	23.87	105.32	1.43	0.56	38.27	60.42	27.93	47.98	45.69	37.44	0.00	0.00	0.00	5.97	0.00	5.72
9/3/2015	12:30:49 PM	23.77	105.32	1.37	0.60	38.66	61.39	27.77	48.75	46.30	38.31	0.00	0.00	0.00	7.30	0.00	5.78
9/3/2015	12:30:51 PM	23.87	105.32	1.34	0.47	38.31	62.67	27.44	48.98	46.59	39.05	0.00	0.00	0.00	7.60	0.00	5.76
9/3/2015	12:30:54 PM	23.87	105.41	1.43	0.56	38.79	63.93	27.64	49.81	47.53	39.53	0.00	0.00	0.00	7.12	0.00	5.77
9/3/2015	12:30:56 PM	23.74	105.12	1.47	0.63	39.44	64.54	27.73	50.72	47.94	40.37	0.00	0.00	0.00	7.55	0.00	5.84
9/3/2015	12:30:59 PM	23.71	105.06	1.43	0.56	39.24	65.12	27.77	51.23	48.56	41.14	0.00	0.00	0.00	7.55	0.00	5.84
9/3/2015	12:31:01 PM	23.93	105.06	1.40	0.60	40.14	65.93	27.90	51.84	49.33	41.59	0.00	0.00	0.00	7.52	0.00	5.82
9/3/2015	12:31:03 PM	24.06	104.71	1.37	0.53	40.02	66.16	27.70	52.30	49.81	50.62	0.00	0.00	0.00	7.55	0.00	5.80
9/3/2015	12:31:06 PM	23.64	105.09	1.47	0.53	40.69	66.74	27.70	52.91	50.52	43.43	0.00	0.00	0.00	7.42	0.00	5.80
9/3/2015	12:31:08 PM	23.96	105.12	1.40	0.53	40.66	67.28	27.96	53.10	51.43	43.95	0.00	0.00	0.00	7.42	0.00	5.73
9/3/2015	12:31:11 PM	23.64	105.25	1.47	0.56	41.14	67.86	27.80	53.97	51.52	44.56	0.00	0.00	0.00	7.50	0.00	5.78
9/3/2015	12:31:13 PM	23.96	104.74	1.43	0.53	41.30	68.19	27.64	54.10	52.26	52.42	0.00	0.00	0.00	7.51	0.00	5.79
9/3/2015	12:31:15 PM	23.80	104.93	1.43	0.53	41.50	68.61	27.38	54.36	52.84	45.62	0.00	0.00	0.00	7.49	0.00	5.78
9/3/2015	12:31:18 PM	23.77	105.09	1.43	0.56	41.56	68.86	27.48	54.58	53.23	45.91	0.00	0.00	0.00	7.49	0.00	5.80
9/3/2015	12:31:20 PM	23.80	104.74	1.40	0.56	41.72	69.15	27.57	54.68	53.81	46.04	0.00	0.00	0.00	7.48	0.00	5.80
9/3/2015	12:31:23 PM	23.90	104.38	1.37	0.60	41.72	70.35	27.28	55.16	53.88	46.69	0.00	0.00	0.00	7.50	0.00	5.83
9/3/2015	12:31:25 PM	23.90	104.22	1.43	0.60	42.17	71.31	27.35	55.62	54.10	53.68	0.00	0.00	0.00	7.39	0.00	5.72
9/3/2015	12:31:27 PM	23.64	104.35	1.37	0.56	42.21	71.41	27.67	56.03	54.68	47.56	0.00	0.00	0.00	7.45	0.00	5.83
9/3/2015	12:31:30 PM	23.83	104.45	1.43	0.56	42.63	71.51	27.48	56.23	55.13	48.14	0.00	0.00	0.00	7.39	0.00	5.81
9/3/2015	12:31:32 PM	23.90	104.71	1.34	0.47	42.66	70.80	27.44	56.55	55.55	55.20	0.00	0.00	0.00	7.35	0.00	5.84
9/3/2015	12:31:35 PM	23.64	104.67	1.37	0.60	42.43	71.05	27.54	56.36	55.52	48.72	0.00	0.00	0.00	7.37	0.00	5.81
9/3/2015	12:31:37 PM	23.80	104.71	1.40	0.53	42.63	70.89	27.41	56.32	56.20	55.13	0.00	0.00	0.00	7.35	0.00	5.79
9/3/2015	12:31:39 PM	23.71	104.80	1.40	0.60	42.46	70.67	27.48	56.42	56.20	55.07	0.00	0.00	0.00	7.42	0.00	5.81
9/3/2015	12:31:42 PM	23.83	105.12	1.37	0.56	42.50	71.44	27.57	56.42	56.39	55.26	0.00	0.00	0.00	7.37	0.00	5.83
9/3/2015	12:31:44 PM	23.71	104.90	1.40	0.56	42.37	71.35	27.48	56.55	56.42	55.42	0.00	0.00	0.00	7.37	0.00	5.84
9/3/2015	12:31:47 PM	23.96	104.90	1.37	0.56	42.56	71.44	27.38	56.81	56.74	55.52	0.00	0.00	0.00	7.21	0.00	5.82
9/3/2015	12:31:49 PM	23.93	104.42	1.50	0.56	42.53	71.44	27.25	56.29	56.61	55.49	0.00	0.00	0.00	6.65	0.00	5.77
9/3/2015	12:31:51 PM	23.80	103.80	1.37	0.56	42.66	71.93	27.32	56.74	56.87	48.81	0.00	0.00	0.00	6.61	0.00	5.79
9/3/2015	12:31:54 PM	23.71	104.09	1.43	0.53	42.69	71.83	27.64	56.90	56.74	55.74	0.00	0.00	0.00	6.55	0.00	5.78
9/3/2015	12:31:56 PM	23.93	104.25	1.43	0.50	42.69	71.83	27.35	56.61	57.23	55.87	0.00	0.00	0.00	6.57	0.00	5.84
9/3/2015	12:31:59 PM	24.25	104.32	1.40	0.56	42.63	72.02	27.70	56.84	57.07	55.81	0.00	0.00	0.00	6.52	0.00	5.87
9/3/2015	12:32:01 PM	23.83	104.25	1.37	0.53	42.82	72.09	27.38	57.10	57.10	55.62	0.00	0.00	0.00	6.62	0.00	5.87
9/3/2015	12:32:03 PM	24.00	104.74	1.27	0.63	42.69	72.18	27.38	57.16	57.23	56.20	0.00	0.00	0.00	6.53	0.00	5.86
9/3/2015	12:32:06 PM	23.71	104.54	1.40	0.56	42.46	72.34	27.38	57.26	57.10	56.39	0.00	0.00	0.00	6.53	0.00	5.85
9/3/2015	12:32:08 PM	24.03	104.45	1.43	0.56	42.85	72.70	27.32	57.52	57.55	56.03	0.00	0.00	0.00	6.47	0.00	5.85
9/3/2015	12:32:11 PM	23.74	104.77	1.47	0.50	42.92	72.80	27.51	57.29	57.39	49.68	0.00	0.00	0.00	6.56	0.00	5.83
9/3/2015	12:32:13 PM	23.71	104.83	1.50	0.60	42.72	72.86	27.38	57.87	57.74	56.65	0.00	0.00	0.00	6.58	0.00	5.79
9/3/2015	12:32:15 PM	23.61	104.77	1.47	0.56	42.69	73.15	27.06	57.84	57.52	56.39	0.00	0.00	0.00	6.54	0.00	5.80
9/3/2015	12:32:18 PM	23.87	104.80	1.40	0.60	42.82	73.09	27.06	57.61	58.03	49.88	0.00	0.00	0.00	6.54	0.00	5.87
9/3/2015	12:32:20 PM	23.96	104.51	1.43	0.53	43.05	73.02	27.57	57.97	58.10	56.68	0.00	0.00	0.00	6.56	0.00	5.82
9/3/2015	12:32:23 PM	23.74	104.19	1.40	0.56	42.88	73.02	27.22	58.13	57.71	50.04	0.00	0.00	0.00	6.58	0.00	5.83
9/3/2015	12:32:25 PM	23.93	104.25	1.37	0.53	43.14	73.12	27.51	58.07	58.39	56.71	0.00	0.00	0.00	6.50	0.00	5.82
9/3/2015	12:32:27 PM	23.83	103.96	1.40	0.60	43.01	73.18	27.38	58.16	58.29	49.81	0.00	0.00	0.00	6.58	0.00	5.87
9/3/2015	12:32:30 PM	24.06	104.06	1.40	0.53	43.05	73.44	27.25	58.00	58.42	50.07	0.00	0.00	0.00	6.59	0.00	5.85
9/3/2015	12:32:32 PM	23.64	104.09	1.43	0.56	42.82	73.38	27.44	58.00	58.48	56.94	0.00	0.00	0.00	6.60	0.00	5.86
9/3/2015	12:32:35 PM	23.67	104.51	1.40	0.53	43.27	73.15	27.35	58.26	58.58	56.94	0.00	0.00	0.00	6.55	0.00	5.78
9/3/2015	12:32:37 PM	24.06	104.71	1.43	0.56	42.88	73.60	27.54	58.36	58.71	50.27	0.00	0.00	0.00	6.53	0.00	5.80
9/3/2015	12:32:39 PM	23.71	104.51	1.37	0.56	43.21	73.50	27.03	58.32	58.61	57.03	0.00	0.00	0.00	6.59	0.00	5.76
9/3/2015	12:32:42 PM	23.80	104.48	1.43	0.53	42.79	73.60	27.51	58.39	58.29	50.39	0.00	0.00	0.00	5.50	2.51	5.69
9/3/2015	12:32:44 PM	23.90	104.25	1.43	0.56	41.79	73.79	27.22	57.55	58.48	50.23	0.00	0.00	0.00	5.36	3.23	5.71
9/3/2015	12:32:47 PM	24.16	103.61	1.37	0.56	40.76	73.47	26.99	56.68	58.65	56.45	0.00	0.00	0.00	5.17	3.71	5.72
9/3/2015	12:32:49 PM	24.00	103.48	1.47	0.56	40.24	73.73	27.12	56.39	58.32	49.01	0.00	0.00	0.00	4.95	4.15	5.71
9/3/2015	12:32:51 PM	24.22	103.64	1.47	0.56	39.50	73.41	27.09	56.00	58.16	55.36	0.00	0.00	0.00	4.72	4.53	5.71
9/3/2015	12:32:54 PM	24.22	103.22	1.47	0.50	38.82	73.05	27.19	55.23	57.42	54.75	0.00	0.00	0.00	4.66	4.84	5.68
9/3/2015	12:32:56 PM	23.96	103.13	1.43	0.53	38.53	72.25	27.19	54.42	57.29	54.04	0.00	0.00	0.00	4.53	4.79	5.64
9/3/2015	12:32:59 PM	24.22	102.96	1.37	0.53	37.95	71.22	26.99	53.84	56.65	46.33	0.00	0.00	0.00	4.58	4.79	5.69
9/3/2015	12:33:01 PM	23.77	103.13	1.40	0.53	37.63	69.96	27.32	53.10	56.23	52.91	0.00	0.00	0.00	4.59	4.81	5.61
9/3/2015	12:33:03 PM	23.64	103.35	1.40	0.53	37.34	68.64	27.54	52.10	55.33	52.20	0.00	0.00	0.00	4.60	4.88	5.64
9/3/2015	12:33:06 PM	24.22	103.09	1.40	0.63	37.28	67.35	27.38	51.62	55.20	43.88	0.00	0.00	0.00	4.61	4.82	5.64
9/3/2015	12:33:08 PM	23.93	103.29	1.37	0.56	36.79	66.57	27.41	50.88	54.29	43.24	0.00	0.00	0.00	4.60	4.82	5.66
9/3/2015	12:33:11 PM	24.06	103.45	1.37	0.56	36.31	65.87	27.67	50.36	53.91	50.14	0.00	0.00	0.00	4.59	4.84	5.61
9/3/2015	12:33:13 PM	24.12	103.51	1.47	0.50	36.21	65.19	27.48	49.85	53.23	41.95	0.00	0.00	0.00	4.58	4.81	5.68
9/3/2015	12:33:15 PM	24.22	103.42	1.43	0.53	36.18	64.58	27.44	49.33	52.59	49.17	0.00	0.00	0.00	4.57	4.83	5.65
9/3/2015	12:33:18 PM	23.83	103.71	1.66	0.60	35.86	64.32	27.48	48.81	52.17	40.50	0.00	0.00	0.00	4.60	4.84	5.62
9/3/2015	12:33:20 PM	24.03	103.80	1.40	0.56	35.73	63.96	27.32	48.49	51.68	48.04	0.00	0.00	0.00	4.55	4.82	5.67
9/3/2015	12:33:23 PM	23.96	103.77	1.37	0.60	35.73	63.51	27.64	48.36	51.30	47.91	0.00	0.00	0.00	4.55	4.80	5.65
9/3/2015	12:33:25 PM	23.80	103.84	1.40	0.50	35.57	63.19	27.57	48.04	50.46	47.36	0.00	0.00	0.00	4.56	4.84	5.65
9/3/2015	12:33:27 PM	24.16	103.71	1.43	0.53	35.47	62.84	27.44	47.94	50.23	38.66	0.00	0.00	0.00	4.57	4.81	5.61
9/3/2015	12:33:30 PM	24.16	103.84	1.40	0.53	35.47	62.48	27.70	47.59	50.07	46.95	0.00	0.00	0.00	4.57	4.83	5.65
9/3/2015	12:33:32 PM	23.96	103.71	1.40	0.56	35.05	62.35	27.38	47.43	49.56	38.05	0.00	0.00	0.00	4.55	4.82	5.65
9/3/2015	12:33:35 PM	23.58	103.71	1.37	0.56	35.47	62.22	27.51	47.53	49.46	46.43	0.00	0.00	0.00	4.59	4.86	5.66
9/3/2015	12:33:37 PM	23.93	103.51	1.37	0.56	35.44	62.19	27.73	47.04	49.23	46.46	0.00	0.00	0.00	4.56	4.84	5.60
9/3/2015	12:33:39 PM	23.87	103.45	1.40	0.53	35.24	61.84	27.61	47.01	48.56	46.27	0.00	0.00	0.00	4.56	4.89	5.65
9/3/2015	12:33:42 PM	23.83	103.55	1.43	0.56	35.47	61.74	27.83	46.95	48.75	46.20	0.00	0.00	0.00	4.55	4.83	5.58
9/3/2015	12:33:44 PM	23.90	103.38	1.37	0.60	35.47	61.97	27.51	46.98	48.46	46.27	0.00	0.00	0.00	4.56	4.85	5.62
9/3/2015	12:33:47 PM	23.87	103.16	1.37	0.53	35.21	61.84	27.64	47.27	48.69	37.60	0.00	0.00	0.00	4.54	4.81	5.56
9/3/2015	12:33:49 PM	23.96	103.06	1.47	0.56	35.37	61.93	27.61	46.59	48.27	45.66	0.00	0.00	0.00	4.58	4.81	5.61
9/3/2015	12:33:51 PM	24.19	103.13	1.40	0.50	35.15	61.80	27.48	47.07	48.33	45.91	0.00	0.00	0.00	4.60	4.76	5.61
9/3/2015	12:33:54 PM	24.09	103.13	1.47	0.56	35.50	61.90	27.54	46.98	48.33	37.37	0.00	0.00	0.00	6.52	1.36	5.81
9/3/2015	12:33:56 PM	23.96	103.51	1.43	0.53	37.73	61.71	27.64	48.33	48.07	46.56	0.00	0.00	0.00	6.56	0.00	5.71
9/3/2015	12:33:59 PM	23.96	103.77	1.43	0.56	38.76	61.84	27.57	49.43	47.82	39.34	0.00	0.00	0.00	6.59	0.00	5.77
9/3/2015	12:34:01 PM	23.61	104.00	1.43	0.56	38.92	61.74	27.41	49.62	48.11	39.98	0.00	0.00	0.00	6.53	0.00	5.75
9/3/2015	12:34:03 PM	23.61	103.96	1.43	0.60	38.85	61.80	27.61	49.59	49.07	48.40	0.00	0.00	0.00	6.75	0.00	5.80
9/3/2015	12:34:06 PM	23.93	104.45	1.37	0.60	39.14	63.00	27.48	49.94	49.43	48.69	0.00	0.00	0.00	6.65	0.00	5.79
9/3/2015	12:34:08 PM	23.64	104.48	1.40	0.50	39.31	63.90	27.80	50.56	49.94	49.10	0.00	0.00	0.00	6.67	0.00	5.83
9/3/2015	12:34:11 PM	23.93	104.22	1.40	0.56	39.69	65.09	27.38	51.17	50.17	41.79	0.00	0.00	0.00	6.57	0.00	5.79
9/3/2015	12:34:13 PM	23.54	104.58	1.40	0.53	40.21	66.38	27.38	52.07	50.52	50.30	0.00	0.00	0.00	6.60	0.00	5.81
9/3/2015	12:34:15 PM	23.80	104.03	1.40	0.50	40.50	67.70	27.54	52.81	51.30	42.92	0.00	0.00	0.00	6.51	0.00	5.77
9/3/2015	12:34:18 PM	23.80	104.29	1.40	0.60	40.89	68.41	27.19	54.04	51.78	51.91	0.00	0.00	0.00	6.69	0.00	5.80
9/3/2015	12:34:20 PM	23.77	104.22	1.40	0.53	41.14	69.31	26.99	54.55	52.10	44.75	0.00	0.00	0.00	6.71	0.00	5.78
9/3/2015	12:34:23 PM	23.74	104.03	1.47	0.63	41.40	70.12	26.83	55.04	52.78	53.17	0.00	0.00	0.00	6.54	0.00	5.79
9/3/2015	12:34:25 PM	23.58	103.93	1.37	0.53	41.82	70.38	27.06	55.45	53.52	46.62	0.00	0.00	0.00	6.65	0.00	5.83
9/3/2015	12:34:27 PM	23.80	103.84	1.37	0.53	42.01	71.05	27.35	56.13	54.23	54.20	0.00	0.00	0.00	6.61	0.00	5.81
9/3/2015	12:34:30 PM	23.77	104.06	1.37	0.56	41.95	71.35	26.93	56.42	54.46	54.49	0.00	0.00	0.00	6.56	0.00	5.79
9/3/2015	12:34:32 PM	23.87	103.74	1.40	0.63	42.34	71.76	26.93	56.78	55.16	48.23	0.00	0.00	0.00	6.64	0.00	5.79
9/3/2015	12:34:35 PM	24.12	103.87	1.40	0.60	42.43	72.18	26.99	56.97	56.00	55.36	0.00	0.00	0.00	6.59	0.00	5.79
9/3/2015	12:34:37 PM	23.83	103.38	1.43	0.60	42.50	72.38	26.96	57.26	55.97	55.84	0.00	0.00	0.00	6.62	0.00	5.84
9/3/2015	12:34:39 PM	23.74	103.93	1.43	0.47	42.63	72.38	27.22	57.00	56.42	55.84	0.00	0.00	0.00	6.62	0.00	5.87
9/3/2015	12:34:42 PM	23.80	103.77	1.43	0.56	42.88	72.76	27.06	57.78	56.74	56.16	0.00	0.00	0.00	6.63	0.00	5.87
9/3/2015	12:34:44 PM	23.80	103.71	1.40	0.56	42.82	72.89	27.35	57.61	57.07	49.43	0.00	0.00	0.00	6.55	0.00	5.84
9/3/2015	12:34:47 PM	23.71	103.80	1.43	0.56	42.82	72.92	27.32	57.42	57.36	49.75	0.00	0.00	0.00	6.56	0.00	5.84
9/3/2015	12:34:49 PM	23.80	103.58	1.43	0.53	43.17	73.02	26.86	57.81	57.68	56.52	0.00	0.00	0.00	6.57	0.00	5.83
9/3/2015	12:34:51 PM	23.87	103.80	1.34	0.56	43.05	73.15	27.32	57.97	57.65	49.98	0.00	0.00	0.00	6.59	0.00	5.81
9/3/2015	12:34:54 PM	23.77	103.71	1.47	0.53	43.01	73.28	26.96	58.07	57.74	50.17	0.00	0.00	0.00	6.57	0.00	5.80
9/3/2015	12:34:56 PM	23.71	103.93	1.43	0.56	43.24	73.57	26.61	58.36	57.94	56.90	0.00	0.00	0.00	6.58	0.00	5.71
9/3/2015	12:34:59 PM	23.74	104.00	1.40	0.56	43.30	73.41	26.80	58.13	58.07	57.16	0.00	0.00	0.00	6.67	0.00	5.81
9/3/2015	12:35:01 PM	23.90	103.93	1.40	0.56	43.05	73.70	27.09	58.19	57.94	50.59	0.00	0.00	0.00	6.62	0.00	5.80
9/3/2015	12:35:03 PM	24.00	103.80	1.40	0.63	43.43	73.67	26.86	58.10	58.42	50.46	0.00	0.00	0.00	6.70	0.00	5.87
9/3/2015	12:35:06 PM	23.80	103.90	1.40	0.53	43.11	73.70	26.96	58.36	58.52	57.42	0.00	0.00	0.00	6.54	0.00	5.84
9/3/2015	12:35:08 PM	23.67	103.93	1.37	0.53	42.82	73.99	27.12	58.19	58.97	57.52	0.00	0.00	0.00	6.57	0.00	5.89
9/3/2015	12:35:11 PM	23.87	103.80	1.50	0.56	43.17	73.83	27.41	58.19	58.42	57.29	0.00	0.00	0.00	6.59	0.00	5.88
9/3/2015	12:35:13 PM	23.77	104.00	1.43	0.60	43.37	73.92	26.99	58.58	58.68	57.49	0.00	0.00	0.00	6.65	0.00	5.74
9/3/2015	12:35:15 PM	23.67	103.51	1.43	0.53	43.46	73.83	26.67	58.71	58.71	57.55	0.00	0.00	0.00	6.60	0.00	5.74
9/3/2015	12:35:18 PM	24.06	103.84	1.37	0.56	43.37	73.86	26.96	58.45	58.77	51.01	0.00	0.00	0.00	6.63	0.00	5.77
9/3/2015	12:35:20 PM	24.00	103.80	1.40	0.63	43.27	74.12	27.06	58.61	59.06	50.97	0.00	0.00	0.00	6.61	0.00	5.80
9/3/2015	12:35:23 PM	23.90	103.77	1.30	0.60	43.43	73.86	27.19	58.55	59.00	50.75	0.00	0.00	0.00	6.57	0.00	5.84
9/3/2015	12:35:25 PM	24.09	103.90	1.34	0.56	43.27	73.92	27.06	58.48	58.90	57.58	0.00	0.00	0.00	6.60	0.00	5.78
9/3/2015	12:35:27 PM	23.74	103.71	1.37	0.53	43.34	73.92	26.77	58.52	58.94	50.91	0.00	0.00	0.00	6.58	0.00	5.79
9/3/2015	12:35:30 PM	23.90	104.00	1.37	0.56	43.37	74.08	26.83	58.65	59.26	57.42	0.00	0.00	0.00	6.63	0.00	5.80
9/3/2015	12:35:32 PM	23.93	103.93	1.40	0.60	43.21	74.15	27.03	58.97	59.26	57.71	0.00	0.00	0.00	6.54	0.00	5.76
9/3/2015	12:35:35 PM	23.87	104.19	1.40	0.56	43.46	73.79	27.03	58.71	59.13	57.68	0.00	0.00	0.00	6.58	0.00	5.80
9/3/2015	12:35:37 PM	23.93	103.74	1.43	0.56	43.14	74.15	26.96	58.65	58.97	50.88	0.00	0.00	0.00	6.64	0.00	5.77
9/3/2015	12:35:39 PM	23.64	104.09	1.40	0.56	43.53	73.86	26.77	58.65	59.29	51.04	0.00	0.00	0.00	6.58	0.00	5.81
9/3/2015	12:35:42 PM	23.64	104.00	1.40	0.53	43.59	73.89	27.03	58.87	59.10	51.01	0.00	0.00	0.00	6.58	0.00	5.81
9/3/2015	12:35:44 PM	23.77	104.16	1.40	0.47	43.30	74.15	27.22	58.58	59.29	51.14	0.00	0.00	0.00	6.61	0.00	5.83
9/3/2015	12:35:47 PM	23.67	103.77	1.40	0.60	43.40	74.25	27.09	58.87	59.26	50.94	0.00	0.00	0.00	6.57	0.00	5.86
9/3/2015	12:35:49 PM	23.87	103.93	1.50	0.53	43.27	74.34	26.83	59.06	59.61	51.01	0.00	0.00	0.00	6.55	0.00	5.80
9/3/2015	12:35:51 PM	23.90	103.96	1.40	0.60	43.50	73.99	26.83	58.65	59.00	57.97	0.00	0.00	0.00	6.51	0.00	5.77
9/3/2015	12:35:54 PM	23.67	104.09	1.40	0.56	43.34	73.89	27.15	58.55	59.52	51.20	0.00	0.00	0.00	6.56	0.00	5.78
9/3/2015	12:35:56 PM	24.03	104.22	1.40	0.50	43.21	74.05	27.19	58.90	59.03	57.65	0.00	0.00	0.00	6.62	0.00	5.77
9/3/2015	12:35:59 PM	23.83	104.22	1.40	0.56	43.11	74.25	27.09	58.36	59.29	50.88	0.00	0.00	0.00	6.54	0.00	5.85
9/3/2015	12:36:01 PM	23.77	104.16	1.40	0.56	43.24	74.41	26.96	59.10	59.52	57.97	0.00	0.00	0.00	6.55	0.00	5.80
9/3/2015	12:36:03 PM	23.80	104.03	1.43	0.56	43.21	74.12	26.90	58.55	59.71	51.23	0.00	0.00	0.00	6.60	0.00	5.84
9/3/2015	12:36:06 PM	23.71	104.45	1.37	0.56	43.43	74.47	26.80	58.71	59.03	57.94	0.00	0.00	0.00	6.67	0.00	5.81
9/3/2015	12:36:08 PM	23.51	104.42	1.37	0.56	43.53	74.41	26.77	58.84	59.26	57.71	0.00	0.00	0.00	6.61	0.00	5.77
9/3/2015	12:36:11 PM	23.74	104.38	1.37	0.50	43.50	74.02	27.25	58.74	59.26	57.65	0.00	0.00	0.00	6.62	0.00	5.80
9/3/2015	12:36:13 PM	23.90	104.42	1.34	0.56	43.30	74.21	27.22	58.84	59.68	57.97	0.00	0.00	0.00	6.58	0.00	5.86
9/3/2015	12:36:15 PM	23.87	104.64	1.43	0.60	43.27	74.50	27.32	58.65	59.45	57.78	0.00	0.00	0.00	6.59	0.00	5.82
9/3/2015	12:36:18 PM	23.87	104.51	1.34	0.53	43.56	74.37	26.83	58.77	59.42	58.10	0.00	0.00	0.00	6.56	0.00	5.85
9/3/2015	12:36:20 PM	23.71	104.42	1.43	0.56	43.82	74.12	27.15	58.58	59.52	57.87	0.00	0.00	0.00	6.55	0.00	5.79
9/3/2015	12:36:23 PM	23.71	104.03	1.37	0.56	43.85	74.28	26.99	58.77	59.74	57.87	0.00	0.00	0.00	6.58	0.00	5.80
9/3/2015	12:36:25 PM	23.54	104.48	1.40	0.50	43.40	74.21	27.15	58.90	59.23	57.61	0.00	0.00	0.00	6.56	0.00	5.82
9/3/2015	12:36:27 PM	24.00	104.16	1.43	0.60	43.43	73.83	27.06	58.68	59.45	57.81	0.00	0.00	0.00	6.59	0.00	5.83
9/3/2015	12:36:30 PM	23.96	104.13	1.40	0.56	43.72	74.28	26.96	58.74	59.52	51.20	0.00	0.00	0.00	6.58	0.00	5.82
9/3/2015	12:36:32 PM	23.71	104.32	1.34	0.50	43.59	74.15	27.35	58.74	59.32	57.74	0.00	0.00	0.00	6.60	0.00	5.85
9/3/2015	12:36:35 PM	23.61	104.32	1.43	0.53	43.40	74.12	26.96	58.77	59.19	57.87	0.00	0.00	0.00	6.56	0.00	5.78
9/3/2015	12:36:37 PM	23.77	104.00	1.30	0.56	43.66	74.18	26.99	58.90	59.61	57.68	0.00	0.00	0.00	6.62	0.00	5.85
9/3/2015	12:36:39 PM	24.16	104.13	1.40	0.53	43.46	74.25	27.15	58.71	59.35	51.26	0.00	0.00	0.00	6.59	0.00	5.82
9/3/2015	12:36:42 PM	23.83	104.03	1.43	0.56	43.46	74.44	26.74	58.84	59.39	57.74	0.00	0.00	0.00	6.62	0.00	5.83
9/3/2015	12:36:44 PM	23.77	104.00	1.37	0.56	43.43	74.25	27.06	58.97	59.32	51.46	0.00	0.00	0.00	6.59	0.00	5.77
9/3/2015	12:36:47 PM	23.93	104.38	1.37	0.50	43.56	73.96	27.03	58.87	59.35	57.90	0.00	0.00	0.00	6.63	0.00	5.73
9/3/2015	12:36:49 PM	23.77	104.35	1.37	0.56	43.53	74.02	26.74	59.13	59.55	51.33	0.00	0.00	0.00	6.54	0.00	5.69
9/3/2015	12:36:51 PM	23.74	103.90	1.40	0.53	43.40	74.60	26.83	58.81	59.64	51.39	0.00	0.00	0.00	6.59	0.00	5.76
9/3/2015	12:36:54 PM	23.80	104.09	1.40	0.60	43.79	74.21	26.57	59.16	59.42	58.10	0.00	0.00	0.00	6.60	0.00	5.75
9/3/2015	12:36:56 PM	23.90	103.96	1.37	0.56	43.40	74.28	27.09	58.84	59.81	51.04	0.00	0.00	0.00	6.68	0.00	5.75
9/3/2015	12:36:59 PM	23.87	103.71	1.43	0.60	43.63	74.66	27.15	58.71	59.42	51.39	0.00	0.00	0.00	6.56	0.00	5.72
9/3/2015	12:37:01 PM	23.83	104.00	1.43	0.56	43.27	74.41	27.09	58.87	59.64	51.52	0.00	0.00	0.00	6.54	0.00	5.75
9/3/2015	12:37:03 PM	23.71	103.67	1.40	0.56	43.69	74.44	26.80	58.87	59.52	51.33	0.00	0.00	0.00	6.63	0.00	5.68
9/3/2015	12:37:06 PM	23.93	103.58	1.34	0.60	43.69	74.25	26.93	58.74	59.32	57.87	0.00	0.00	0.00	6.56	0.00	5.74
9/3/2015	12:37:08 PM	23.71	103.96	1.47	0.56	43.53	74.21	26.99	59.03	59.64	57.81	0.00	0.00	0.00	6.58	0.00	5.82
9/3/2015	12:37:11 PM	23.80	103.90	1.43	0.56	43.56	74.31	27.28	59.10	59.32	58.03	0.00	0.00	0.00	6.61	0.00	5.73
9/3/2015	12:37:13 PM	23.51	104.06	1.37	0.56	43.56	74.41	27.19	59.10	59.58	51.36	0.00	0.00	0.00	6.62	0.00	5.74
9/3/2015	12:37:15 PM	23.67	104.25	1.40	0.60	43.50	74.73	26.35	59.32	59.64	51.36	0.00	0.00	0.00	6.57	0.00	5.77
9/3/2015	12:37:18 PM	24.03	104.25	1.40	0.56	43.63	74.66	26.93	58.87	59.81	51.23	0.00	0.00	0.00	6.58	0.00	5.78
9/3/2015	12:37:20 PM	23.77	104.45	1.59	0.53	43.75	74.76	26.67	59.06	59.52	57.84	0.00	0.00	0.00	6.54	0.00	5.77
9/3/2015	12:37:23 PM	23.77	104.35	1.34	0.56	43.88	74.50	26.86	59.16	59.55	58.00	0.00	0.00	0.00	6.60	0.00	5.82
9/3/2015	12:37:25 PM	23.83	104.45	1.40	0.56	43.85	74.50	27.03	59.19	59.71	51.62	0.00	0.00	0.00	6.53	0.00	5.76
9/3/2015	12:37:27 PM	23.80	104.58	1.50	0.56	43.63	74.37	26.74	59.10	59.55	58.23	0.00	0.00	0.00	6.62	0.00	5.66
9/3/2015	12:37:30 PM	23.80	104.35	1.40	0.60	44.08	74.28	27.06	59.42	59.87	51.78	0.00	0.00	0.00	6.53	0.00	5.78
9/3/2015	12:37:32 PM	24.16	104.32	1.40	0.53	43.82	74.37	26.74	59.42	60.16	51.78	0.00	0.00	0.00	6.52	0.00	5.78
9/3/2015	12:37:35 PM	23.71	104.25	1.43	0.50	43.92	74.15	26.57	59.32	59.93	51.52	0.00	0.00	0.00	6.62	0.00	5.79
9/3/2015	12:37:37 PM	23.90	104.19	1.40	0.60	43.85	74.25	26.77	59.42	60.16	58.42	0.00	0.00	0.00	6.56	0.00	4.13
9/3/2015	12:37:39 PM	23.74	103.96	1.43	0.60	45.62	74.02	27.09	60.93	59.84	58.29	0.00	0.00	0.00	6.55	0.00	3.87
9/3/2015	12:37:42 PM	23.74	103.90	1.40	0.60	47.27	74.34	26.99	62.80	60.00	52.13	0.00	0.00	0.00	6.57	0.00	3.91
9/3/2015	12:37:44 PM	23.35	103.80	1.43	0.50	47.91	74.41	26.77	63.42	59.84	61.03	0.00	0.00	0.00	6.60	0.00	3.85
9/3/2015	12:37:47 PM	23.90	103.87	1.43	0.53	48.46	74.37	26.80	64.00	60.26	61.77	0.00	0.00	0.00	6.55	0.00	3.88
9/3/2015	12:37:49 PM	23.83	103.80	1.40	0.60	49.01	74.34	27.15	64.45	61.00	56.13	0.00	0.00	0.00	6.58	0.00	3.89
9/3/2015	12:37:51 PM	24.06	103.74	1.37	0.56	48.88	74.21	26.99	64.51	61.51	63.13	0.00	0.00	0.00	6.56	0.00	3.92
9/3/2015	12:37:54 PM	24.16	103.74	1.43	0.56	48.94	74.34	27.32	64.64	62.13	62.84	0.00	0.00	0.00	6.58	0.00	3.94
9/3/2015	12:37:56 PM	23.83	104.06	1.40	0.56	49.04	74.63	27.09	64.54	63.25	63.38	0.00	0.00	0.00	6.55	0.00	3.92
9/3/2015	12:37:59 PM	23.96	103.74	1.37	0.60	49.01	74.70	26.86	65.16	63.16	63.67	0.00	0.00	0.00	6.52	0.00	3.91
9/3/2015	12:38:01 PM	23.80	104.00	1.34	0.60	49.07	74.50	27.06	65.32	63.74	63.83	0.00	0.00	0.00	6.60	0.00	3.93
9/3/2015	12:38:03 PM	23.67	104.06	1.43	0.60	49.04	74.79	26.96	65.03	64.35	57.65	0.00	0.00	0.00	6.67	0.00	3.95
9/3/2015	12:38:06 PM	23.71	103.87	1.37	0.56	48.78	74.66	26.70	65.03	64.22	58.19	0.00	0.00	0.00	6.57	0.00	3.87
9/3/2015	12:38:08 PM	23.83	104.06	1.37	0.56	48.94	74.86	27.25	65.03	64.51	64.00	0.00	0.00	0.00	6.51	0.00	3.95
9/3/2015	12:38:11 PM	23.77	104.16	1.47	0.56	49.36	74.76	27.09	65.22	64.74	64.29	0.00	0.00	0.00	6.59	0.00	3.93
9/3/2015	12:38:13 PM	23.80	103.80	1.40	0.60	48.98	74.83	26.99	65.35	64.96	64.29	0.00	0.00	0.00	6.52	0.00	3.95
9/3/2015	12:38:15 PM	23.77	103.58	1.40	0.53	49.27	74.79	26.86	64.96	65.09	64.29	0.00	0.00	0.00	6.55	0.00	3.92
9/3/2015	12:38:18 PM	23.96	103.84	1.40	0.60	49.10	74.73	27.12	65.06	65.29	58.19	0.00	0.00	0.00	6.55	0.00	3.90
9/3/2015	12:38:20 PM	23.87	103.77	1.37	0.56	49.27	74.89	27.09	65.51	65.32	64.38	0.00	0.00	0.00	6.65	0.00	3.93
9/3/2015	12:38:23 PM	23.83	103.61	1.37	0.56	49.36	74.79	26.96	65.48	65.41	58.26	0.00	0.00	0.00	6.56	0.00	3.90
9/3/2015	12:38:25 PM	23.96	103.74	1.40	0.56	49.49	74.73	26.83	65.16	65.41	58.19	0.00	0.00	0.00	6.57	0.00	3.96
9/3/2015	12:38:27 PM	23.87	104.03	1.40	0.53	49.07	75.12	26.80	65.25	65.61	64.16	0.00	0.00	0.00	6.62	0.00	3.95
9/3/2015	12:38:30 PM	23.90	103.58	1.37	0.60	48.98	74.66	26.61	65.16	65.16	58.58	0.00	0.00	0.00	6.59	0.00	3.91
9/3/2015	12:38:32 PM	23.87	103.64	1.37	0.53	49.07	74.86	27.25	64.93	65.54	64.45	0.00	0.00	0.00	6.57	0.00	3.96
9/3/2015	12:38:35 PM	23.48	103.61	1.43	0.60	48.62	74.73	26.83	65.45	65.41	64.29	0.00	0.00	0.00	4.85	0.00	3.96
9/3/2015	12:38:37 PM	23.83	103.93	1.40	0.63	47.78	75.05	27.06	64.83	65.48	64.54	0.00	0.00	0.00	4.89	0.00	0.80
9/3/2015	12:38:39 PM	23.90	104.38	1.40	0.60	55.84	74.76	27.15	64.83	65.51	64.32	0.00	0.00	0.00	4.85	0.00	0.00
9/3/2015	12:38:42 PM	23.87	104.64	1.37	0.53	61.06	74.66	26.80	64.83	65.67	64.22	0.00	0.00	0.00	4.84	0.00	0.00
9/3/2015	12:38:44 PM	23.64	104.83	1.40	0.53	63.42	75.05	26.86	65.87	65.54	64.19	0.00	0.00	0.00	4.81	0.00	0.00
9/3/2015	12:38:47 PM	23.71	104.67	1.40	0.56	61.64	74.54	27.22	70.09	65.25	64.03	0.00	0.00	0.00	4.75	0.00	2.27
9/3/2015	12:38:49 PM	23.48	105.00	1.37	0.53	56.42	75.18	26.70	70.89	65.64	64.13	0.00	0.00	0.00	4.78	0.00	2.31
9/3/2015	12:38:51 PM	23.64	105.51	1.34	0.63	54.10	76.34	26.90	70.83	65.61	67.28	0.00	0.00	0.00	4.79	0.00	2.38
9/3/2015	12:38:54 PM	23.83	105.48	1.43	0.56	53.13	76.79	26.86	70.76	65.45	68.44	0.00	0.00	0.00	4.69	0.00	2.32
9/3/2015	12:38:56 PM	23.61	105.48	1.30	0.56	52.81	77.66	26.67	70.67	65.54	63.35	0.00	0.00	0.00	4.75	0.00	2.36
9/3/2015	12:38:59 PM	23.64	105.25	1.34	0.63	52.94	78.47	27.15	71.02	66.03	63.38	0.00	0.00	0.00	4.77	0.00	2.42
9/3/2015	12:39:01 PM	23.74	105.32	1.43	0.60	52.88	79.50	26.67	71.54	67.09	63.42	0.00	0.00	0.00	4.78	0.00	2.37
9/3/2015	12:39:03 PM	23.80	105.22	1.37	0.53	52.84	80.60	26.80	72.05	67.06	69.22	0.00	0.00	0.00	4.80	0.00	2.38
9/3/2015	12:39:06 PM	23.90	105.19	1.37	0.56	53.23	81.53	26.57	72.67	67.74	69.48	0.00	0.00	0.00	4.81	0.00	2.36
9/3/2015	12:39:08 PM	23.58	105.48	1.40	0.53	54.00	82.11	26.51	73.21	68.38	64.64	0.00	0.00	0.00	4.73	0.00	2.35
9/3/2015	12:39:11 PM	23.61	105.38	1.34	0.53	54.10	82.85	26.80	73.89	68.54	65.70	0.00	0.00	0.00	4.76	0.00	2.33
9/3/2015	12:39:13 PM	23.71	105.29	1.47	0.56	54.23	83.11	26.57	74.50	68.96	71.41	0.00	0.00	0.00	4.74	0.00	2.33
9/3/2015	12:39:15 PM	23.87	105.03	1.37	0.56	54.46	83.92	26.38	75.05	69.60	71.83	0.00	0.00	0.00	4.79	0.00	2.36
9/3/2015	12:39:18 PM	23.87	104.80	1.40	0.53	54.65	84.04	26.41	75.70	69.96	72.44	0.00	0.00	0.00	4.72	0.00	2.34
9/3/2015	12:39:20 PM	23.93	105.06	1.43	0.50	55.04	84.75	26.28	76.08	70.38	68.15	0.00	0.00	0.00	4.76	0.00	2.38
9/3/2015	12:39:23 PM	23.67	105.29	1.47	0.53	55.55	85.01	26.19	76.28	70.60	73.50	0.00	0.00	0.00	4.71	0.00	2.37
9/3/2015	12:39:25 PM	23.74	105.25	1.43	0.60	55.91	85.04	26.32	76.41	71.28	69.25	0.00	0.00	0.00	4.73	0.00	2.35
9/3/2015	12:39:27 PM	23.90	105.16	1.43	0.53	56.03	85.50	26.03	77.40	71.86	74.86	0.00	0.00	0.00	4.76	0.00	2.33
9/3/2015	12:39:30 PM	24.06	105.09	1.40	0.56	56.16	85.59	26.48	77.15	72.41	69.80	0.00	0.00	0.00	4.75	0.00	2.34
9/3/2015	12:39:32 PM	23.96	104.93	1.43	0.63	55.94	85.85	26.41	77.44	72.67	75.57	0.00	0.00	0.00	4.74	0.00	2.36
9/3/2015	12:39:35 PM	23.71	104.67	1.43	0.60	56.23	86.14	26.35	77.82	73.02	75.60	0.00	0.00	0.00	4.67	0.00	2.35
9/3/2015	12:39:37 PM	23.58	105.12	1.40	0.53	56.36	86.37	26.70	77.89	73.41	75.66	0.00	0.00	0.00	4.70	0.00	2.34
9/3/2015	12:39:39 PM	23.48	104.83	1.43	0.56	56.45	86.49	26.25	78.34	74.18	76.15	0.00	0.00	0.00	4.71	0.00	2.34
9/3/2015	12:39:42 PM	23.80	104.87	1.53	0.60	56.32	87.01	26.32	78.50	74.92	71.54	0.00	0.00	0.00	4.74	0.00	2.35
9/3/2015	12:39:44 PM	23.51	105.35	1.40	0.60	56.84	86.78	26.57	78.60	74.79	76.53	0.00	0.00	0.00	4.76	0.00	2.34
9/3/2015	12:39:47 PM	23.77	105.16	1.40	0.56	56.71	87.07	26.51	78.98	75.41	76.66	0.00	0.00	0.00	4.72	0.00	2.35
9/3/2015	12:39:49 PM	23.54	105.16	1.37	0.60	56.71	87.01	26.48	79.08	75.54	72.38	0.00	0.00	0.00	4.71	0.00	2.34
9/3/2015	12:39:51 PM	23.58	105.06	1.43	0.60	57.00	86.98	26.16	79.08	75.70	72.60	0.00	0.00	0.00	4.62	0.00	2.32
9/3/2015	12:39:54 PM	23.83	104.90	1.40	0.60	57.07	87.36	26.19	79.27	76.28	72.63	0.00	0.00	0.00	4.73	0.00	2.34
9/3/2015	12:39:56 PM	23.77	105.16	1.40	0.53	56.74	87.59	26.25	79.11	76.41	72.89	0.00	0.00	0.00	4.71	0.00	2.33
9/3/2015	12:39:59 PM	23.80	105.16	1.40	0.60	57.00	87.85	26.16	79.37	76.76	77.79	0.00	0.00	0.00	4.70	0.00	2.34
9/3/2015	12:40:01 PM	23.77	104.93	1.37	0.60	56.87	87.75	26.19	79.40	76.99	77.86	0.00	0.00	0.00	4.71	0.00	2.39
9/3/2015	12:40:03 PM	24.19	105.06	1.47	0.50	57.10	87.82	26.28	79.56	77.18	77.92	0.00	0.00	0.00	4.75	0.00	1.50
9/3/2015	12:40:06 PM	23.48	105.22	1.40	0.53	63.25	87.65	26.70	80.53	77.28	78.15	0.00	0.00	0.00	4.72	0.00	5.32
9/3/2015	12:40:08 PM	24.09	104.93	1.43	0.56	53.17	87.72	26.38	77.08	77.95	74.83	0.00	0.00	0.00	6.52	0.00	5.28
9/3/2015	12:40:11 PM	24.16	104.35	1.37	0.47	51.52	88.07	26.28	73.96	78.66	76.41	0.00	0.00	0.00	6.63	0.00	5.29
9/3/2015	12:40:13 PM	24.16	103.87	1.37	0.56	50.72	88.30	26.32	72.57	78.95	68.25	0.00	0.00	0.00	6.64	0.00	5.32
9/3/2015	12:40:15 PM	24.12	103.19	1.40	0.50	49.85	88.69	26.32	71.83	77.66	67.32	0.00	0.00	0.00	5.65	2.62	5.20
9/3/2015	12:40:18 PM	24.03	102.61	1.34	0.53	47.88	88.43	26.48	70.89	76.02	71.18	0.00	0.00	0.00	5.54	3.08	5.48
9/3/2015	12:40:20 PM	24.09	101.93	1.40	0.56	46.91	87.78	26.51	69.28	74.86	65.29	0.00	0.00	0.00	5.27	3.47	5.43
9/3/2015	12:40:23 PM	24.09	101.42	1.40	0.53	45.69	86.24	26.51	67.93	73.83	68.86	0.00	0.00	0.00	5.12	3.92	5.46
9/3/2015	12:40:25 PM	24.29	100.77	1.37	0.50	44.56	84.11	26.54	66.19	72.86	67.41	0.00	0.00	0.00	4.94	4.41	5.42
9/3/2015	12:40:27 PM	24.22	101.80	1.47	0.53	43.40	82.11	26.48	63.93	71.57	60.13	0.00	0.00	0.00	4.83	4.56	5.47
9/3/2015	12:40:30 PM	23.83	103.29	1.43	0.56	41.95	79.73	26.64	62.61	70.25	57.94	0.00	0.00	0.00	4.68	4.71	5.43
9/3/2015	12:40:32 PM	24.09	103.67	1.40	0.56	41.24	77.53	26.61	60.74	68.83	62.26	0.00	0.00	0.00	4.66	4.75	5.44
9/3/2015	12:40:35 PM	23.87	103.32	1.43	0.53	40.53	75.86	27.41	58.94	67.54	54.46	0.00	0.00	0.00	4.71	4.75	5.47
9/3/2015	12:40:37 PM	24.19	103.51	1.40	0.56	40.27	73.89	26.96	57.58	65.96	59.06	0.00	0.00	0.00	4.66	4.68	5.42
9/3/2015	12:40:39 PM	24.16	103.25	1.40	0.56	39.05	72.73	26.86	56.13	64.22	50.88	0.00	0.00	0.00	4.66	4.74	5.39
9/3/2015	12:40:42 PM	24.00	103.38	1.27	0.53	38.89	70.70	27.09	55.23	63.00	49.68	0.00	0.00	0.00	4.67	4.64	5.45
9/3/2015	12:40:44 PM	24.35	103.42	1.66	0.56	38.69	69.54	27.35	54.26	61.29	55.36	0.00	0.00	0.00	4.68	4.74	5.44
9/3/2015	12:40:47 PM	23.58	103.74	1.40	0.47	38.40	68.25	27.28	52.88	60.03	46.66	0.00	0.00	0.00	4.68	4.77	5.46
9/3/2015	12:40:49 PM	23.80	103.71	1.63	0.60	37.79	67.44	27.48	52.68	58.84	45.49	0.00	0.00	0.00	4.71	4.75	5.43
9/3/2015	12:40:51 PM	24.03	103.71	1.43	0.53	37.69	66.61	27.64	52.10	57.87	52.33	0.00	0.00	0.00	4.73	4.69	5.42
9/3/2015	12:40:54 PM	23.77	103.87	1.34	0.63	37.24	65.90	27.15	51.33	57.10	43.98	0.00	0.00	0.00	4.66	4.69	5.39
9/3/2015	12:40:56 PM	23.87	104.16	1.47	0.50	36.99	65.22	27.51	50.52	56.20	42.88	0.00	0.00	0.00	4.68	4.70	5.41
9/3/2015	12:40:59 PM	23.90	104.19	1.43	0.53	36.92	64.83	27.25	50.23	55.26	42.53	0.00	0.00	0.00	4.70	4.77	5.41
9/3/2015	12:41:01 PM	23.93	104.16	1.43	0.56	36.76	64.35	27.35	49.46	54.20	49.81	0.00	0.00	0.00	4.75	4.70	5.36
9/3/2015	12:41:03 PM	23.80	104.29	1.43	0.66	36.82	64.16	27.64	49.56	54.07	41.50	0.00	0.00	0.00	4.66	4.69	5.33
9/3/2015	12:41:06 PM	23.93	104.42	1.40	0.60	36.57	63.71	27.25	49.49	53.04	49.33	0.00	0.00	0.00	4.70	4.73	5.35
9/3/2015	12:41:08 PM	23.83	104.54	1.43	0.50	36.50	63.64	27.44	49.23	52.49	40.60	0.00	0.00	0.00	4.69	4.72	5.37
9/3/2015	12:41:11 PM	23.90	104.38	1.40	0.53	36.24	63.35	27.28	48.59	52.30	40.63	0.00	0.00	0.00	4.68	4.70	5.41
9/3/2015	12:41:13 PM	23.87	104.19	1.34	0.50	36.02	63.38	27.57	48.52	51.97	39.69	0.00	0.00	0.00	4.75	4.69	5.46
9/3/2015	12:41:15 PM	23.67	104.42	1.40	0.56	35.92	63.06	27.44	48.52	51.26	39.89	0.00	0.00	0.00	4.72	4.73	5.38
9/3/2015	12:41:18 PM	23.80	104.19	1.43	0.60	36.15	62.87	27.67	48.40	51.10	39.79	0.00	0.00	0.00	4.68	4.74	5.39
9/3/2015	12:41:20 PM	23.87	104.22	1.34	0.60	35.79	62.58	27.38	48.46	50.78	47.85	0.00	0.00	0.00	4.69	4.73	5.40
9/3/2015	12:41:23 PM	23.77	103.90	1.37	0.56	35.79	62.61	27.51	48.11	50.94	47.94	0.00	0.00	0.00	4.72	4.74	5.38
9/3/2015	12:41:25 PM	23.83	103.90	1.43	0.50	36.15	62.48	27.15	48.04	50.68	39.14	0.00	0.00	0.00	4.68	4.73	5.41
9/3/2015	12:41:27 PM	23.77	103.87	1.40	0.56	36.05	62.26	27.48	48.04	50.20	39.02	0.00	0.00	0.00	4.70	4.76	5.33
9/3/2015	12:41:30 PM	23.87	103.64	1.40	0.50	35.92	62.35	27.41	48.27	50.52	38.73	0.00	0.00	0.00	4.67	4.74	5.34
9/3/2015	12:41:32 PM	23.93	103.67	1.43	0.53	35.86	62.22	27.12	47.65	49.98	38.79	0.00	0.00	0.00	4.68	4.75	5.39
9/3/2015	12:41:35 PM	24.32	99.61	1.37	0.60	35.66	62.35	27.03	47.65	49.94	47.40	0.00	0.00	0.00	4.58	4.57	5.41
9/3/2015	12:41:37 PM	24.16	97.00	1.43	0.53	35.57	62.19	27.32	47.85	49.78	47.17	0.00	0.00	0.00	4.60	4.63	5.41
9/3/2015	12:41:39 PM	24.29	95.81	1.40	0.60	35.70	62.16	27.32	47.82	49.75	38.66	0.00	0.00	0.00	4.66	4.69	5.37
9/3/2015	12:41:42 PM	24.35	96.55	1.40	0.63	35.47	62.32	27.44	47.65	49.46	47.11	0.00	0.00	0.00	4.65	4.62	5.32
9/3/2015	12:41:44 PM	24.58	94.13	1.43	0.53	35.73	61.58	27.28	47.65	49.36	46.95	0.00	0.00	0.00	4.59	4.67	5.34
9/3/2015	12:41:47 PM	24.29	94.49	1.43	0.56	35.53	60.19	27.64	47.30	49.17	46.85	0.00	0.00	0.00	4.61	4.67	5.37
9/3/2015	12:41:49 PM	24.35	95.29	1.43	0.56	35.63	57.20	27.57	46.37	49.59	46.62	0.00	0.00	0.00	4.65	4.65	5.40
9/3/2015	12:41:51 PM	24.41	95.62	1.43	0.63	35.18	53.59	27.48	45.46	49.27	46.01	0.00	0.00	0.00	4.63	4.69	5.37
9/3/2015	12:41:54 PM	24.25	96.29	1.43	0.50	34.37	50.30	27.41	43.43	48.72	44.98	0.00	0.00	0.00	4.62	4.63	5.37
9/3/2015	12:41:56 PM	24.12	96.13	1.47	0.56	33.67	48.07	27.77	41.53	48.17	43.05	0.00	0.00	0.00	4.64	4.67	5.35
9/3/2015	12:41:59 PM	23.96	96.16	1.43	0.56	32.92	45.62	27.80	40.21	47.11	41.63	0.00	0.00	0.00	4.63	4.68	5.36
9/3/2015	12:42:01 PM	24.29	96.33	1.40	0.56	32.41	43.56	27.73	38.34	46.40	39.92	0.00	0.00	0.00	4.59	4.68	5.35
9/3/2015	12:42:03 PM	24.19	96.29	1.47	0.56	31.67	41.69	27.61	37.21	44.62	28.64	0.00	0.00	0.00	4.56	4.59	5.32
9/3/2015	12:42:06 PM	24.19	95.87	1.40	0.50	31.05	40.14	27.57	36.02	43.85	26.74	0.00	0.00	0.00	4.64	4.69	5.31
9/3/2015	12:42:08 PM	24.25	95.87	1.47	0.56	30.64	38.85	27.41	35.08	42.34	36.15	0.00	0.00	0.00	4.55	4.67	5.30
9/3/2015	12:42:11 PM	24.06	95.81	1.43	0.60	29.96	37.69	27.77	34.37	41.30	35.12	0.00	0.00	0.00	4.63	4.69	5.31
9/3/2015	12:42:13 PM	24.25	95.42	1.30	0.53	29.73	37.02	27.83	33.54	40.14	34.08	0.00	0.00	0.00	4.65	4.71	5.32
9/3/2015	12:42:15 PM	24.32	95.10	1.43	0.56	29.48	36.57	27.86	32.96	38.79	33.38	0.00	0.00	0.00	4.62	4.68	5.30
9/3/2015	12:42:18 PM	24.19	95.29	1.40	0.66	29.35	35.83	27.99	32.31	37.79	20.03	0.00	0.00	0.00	4.62	4.62	5.30
9/3/2015	12:42:20 PM	24.09	94.94	1.40	0.53	28.73	35.21	28.02	31.86	37.11	32.47	0.00	0.00	0.00	4.60	4.65	5.28
9/3/2015	12:42:23 PM	24.48	94.75	1.43	0.56	28.93	35.15	27.61	31.70	36.57	19.26	0.00	0.00	0.00	4.60	4.70	5.30
9/3/2015	12:42:25 PM	24.09	94.78	1.50	0.56	28.57	34.37	27.90	31.38	36.24	31.47	0.00	0.00	0.00	4.62	4.68	5.31
9/3/2015	12:42:27 PM	24.29	94.55	1.43	0.53	28.57	34.25	27.83	31.02	35.37	18.13	0.00	0.00	0.00	4.57	4.66	5.33
9/3/2015	12:42:30 PM	24.22	94.04	1.40	0.56	28.48	33.83	27.83	31.02	35.12	30.47	0.00	0.00	0.00	4.55	4.67	5.31
9/3/2015	12:42:32 PM	24.22	93.94	1.40	0.56	28.22	33.41	28.06	30.70	34.50	30.57	0.00	0.00	0.00	4.60	4.67	5.28
9/3/2015	12:42:35 PM	24.38	93.84	1.40	0.56	28.25	33.12	27.96	30.18	33.99	30.02	0.00	0.00	0.00	4.60	4.69	5.29
9/3/2015	12:42:37 PM	24.22	93.91	1.40	0.53	28.09	32.96	27.57	30.02	33.57	17.00	0.00	0.00	0.00	4.55	4.67	5.24
9/3/2015	12:42:39 PM	24.51	93.49	1.47	0.53	28.09	32.63	27.90	30.02	33.38	29.83	0.00	0.00	0.00	4.51	4.65	5.23
9/3/2015	12:42:42 PM	24.38	93.17	1.40	0.60	27.83	32.44	27.90	29.57	33.18	29.57	0.00	0.00	0.00	4.52	4.65	5.19
9/3/2015	12:42:44 PM	24.61	93.33	1.43	0.53	27.96	32.18	27.83	29.70	32.63	15.97	0.00	0.00	0.00	4.55	4.63	5.26
9/3/2015	12:42:47 PM	24.29	92.91	1.37	0.60	27.64	31.76	27.86	29.48	32.60	16.03	0.00	0.00	0.00	4.54	4.63	5.25
9/3/2015	12:42:49 PM	24.16	92.75	1.43	0.56	27.80	31.86	27.57	29.22	32.34	15.84	0.00	0.00	0.00	4.55	4.62	5.24
9/3/2015	12:42:51 PM	24.51	92.59	1.43	0.53	27.67	31.57	27.61	28.99	31.99	28.99	0.00	0.00	0.00	4.56	4.64	5.24
9/3/2015	12:42:54 PM	24.19	92.26	1.47	0.56	27.48	31.54	27.83	29.15	31.67	29.02	0.00	0.00	0.00	4.54	4.64	5.27
9/3/2015	12:42:56 PM	24.45	92.07	1.40	0.60	27.54	31.25	27.93	29.06	31.57	28.67	0.00	0.00	0.00	4.52	4.63	5.30
9/3/2015	12:42:59 PM	24.35	92.10	1.40	0.56	27.54	31.02	27.86	29.02	31.67	14.81	0.00	0.00	0.00	4.60	4.63	5.29
9/3/2015	12:43:01 PM	24.41	91.94	1.43	0.53	27.38	30.93	27.77	28.80	31.12	28.54	0.00	0.00	0.00	4.58	4.62	5.30
9/3/2015	12:43:03 PM	24.61	91.75	1.43	0.60	27.51	30.64	27.77	28.64	31.28	14.78	0.00	0.00	0.00	4.56	4.63	5.30
9/3/2015	12:43:06 PM	24.48	91.36	1.43	0.56	27.54	30.57	27.73	28.67	30.93	14.46	0.00	0.00	0.00	4.59	4.66	5.27
9/3/2015	12:43:08 PM	24.35	91.39	1.40	0.56	27.15	30.57	27.93	28.64	31.05	28.25	0.00	0.00	0.00	4.57	4.63	5.25
9/3/2015	12:43:11 PM	24.35	91.17	1.47	0.56	27.19	30.28	27.67	28.38	30.96	28.22	0.00	0.00	0.00	4.55	4.66	5.35
9/3/2015	12:43:13 PM	24.35	90.94	1.40	0.56	27.03	30.25	27.77	28.54	30.47	27.86	0.00	0.00	0.00	4.59	4.66	5.24
9/3/2015	12:43:15 PM	24.41	90.88	1.37	0.50	27.15	30.25	27.41	28.35	30.28	27.61	0.00	0.00	0.00	4.57	4.65	5.24
9/3/2015	12:43:18 PM	24.51	90.52	1.43	0.63	27.12	30.18	28.12	28.22	30.35	27.90	0.00	0.00	0.00	4.56	4.64	5.21
9/3/2015	12:43:20 PM	24.61	90.17	1.56	0.53	27.09	29.89	27.83	28.06	30.25	27.80	0.00	0.00	0.00	4.59	4.67	5.21
9/3/2015	12:43:23 PM	24.45	90.23	1.37	0.60	27.12	29.89	27.51	27.93	30.18	27.48	0.00	0.00	0.00	4.58	4.62	5.21
9/3/2015	12:43:25 PM	24.58	90.30	1.43	0.53	27.12	29.70	27.80	27.90	29.86	27.61	0.00	0.00	0.00	4.58	4.68	5.27
9/3/2015	12:43:27 PM	24.58	90.20	1.47	0.56	27.06	29.80	27.70	27.80	29.93	27.44	0.00	0.00	0.00	4.52	4.64	5.27
9/3/2015	12:43:30 PM	24.54	89.72	1.40	0.53	26.90	29.35	27.96	27.86	30.06	13.23	0.00	0.00	0.00	4.57	4.65	5.26
9/3/2015	12:43:32 PM	24.03	89.43	1.43	0.60	26.83	29.48	27.96	27.73	29.73	13.29	0.00	0.00	0.00	4.62	4.65	5.24
9/3/2015	12:43:35 PM	24.64	89.62	1.40	0.53	27.03	29.41	27.61	27.57	29.54	27.54	0.00	0.00	0.00	4.52	4.65	5.22
9/3/2015	12:43:37 PM	24.58	89.23	1.47	0.53	26.96	29.31	27.96	27.61	29.38	13.42	0.00	0.00	0.00	4.54	4.62	5.22
9/3/2015	12:43:39 PM	24.58	89.27	1.37	0.53	26.80	29.41	27.77	27.64	29.38	27.12	0.00	0.00	0.00	4.55	4.62	5.22
9/3/2015	12:43:42 PM	24.48	88.88	1.40	0.53	26.57	29.31	27.93	27.32	29.41	13.13	0.00	0.00	0.00	4.55	4.64	5.18
9/3/2015	12:43:44 PM	24.83	88.81	1.47	0.60	26.57	29.28	27.67	27.51	29.35	27.09	0.00	0.00	0.00	4.55	4.64	5.21
9/3/2015	12:43:47 PM	24.54	88.75	1.40	0.53	26.86	29.19	27.73	27.57	29.51	26.86	0.00	0.00	0.00	4.57	4.65	5.16
9/3/2015	12:43:49 PM	24.77	88.56	1.43	0.43	26.93	29.38	27.80	27.28	29.15	27.03	0.00	0.00	0.00	4.55	4.64	5.15
9/3/2015	12:43:51 PM	24.64	88.27	1.40	0.56	26.64	28.99	27.99	27.61	29.41	12.65	0.00	0.00	0.00	4.52	4.62	5.18
9/3/2015	12:43:54 PM	24.74	88.07	1.47	0.53	26.35	28.64	27.90	27.41	29.09	12.13	0.00	0.00	0.00	4.58	4.65	5.18
9/3/2015	12:43:56 PM	24.74	88.20	1.43	0.56	26.54	28.86	27.99	27.19	28.86	26.57	0.00	0.00	0.00	4.58	4.61	5.19
9/3/2015	12:43:59 PM	24.61	88.01	1.47	0.56	26.54	29.19	27.80	27.38	29.02	26.67	0.00	0.00	0.00	4.58	4.67	5.19
9/3/2015	12:44:01 PM	24.90	87.78	1.47	0.56	26.74	28.73	27.83	27.19	28.96	26.77	0.00	0.00	0.00	4.54	4.59	5.22
9/3/2015	12:44:03 PM	24.80	87.49	1.40	0.56	26.61	28.67	27.70	27.25	28.90	26.54	0.00	0.00	0.00	4.55	4.63	5.21
9/3/2015	12:44:06 PM	24.70	87.46	1.43	0.56	26.70	28.70	27.64	27.41	28.93	26.83	0.00	0.00	0.00	4.57	4.61	5.19
9/3/2015	12:44:08 PM	24.64	87.20	1.40	0.43	26.48	28.67	27.80	27.22	28.73	12.26	0.00	0.00	0.00	4.50	4.58	5.14
9/3/2015	12:44:11 PM	24.64	86.95	1.43	0.60	26.74	28.73	27.93	27.41	28.77	26.74	0.00	0.00	0.00	4.51	4.63	5.15
9/3/2015	12:44:13 PM	24.74	86.75	1.50	0.60	26.48	28.48	27.70	27.25	28.67	12.39	0.00	0.00	0.00	4.55	4.57	5.16
9/3/2015	12:44:15 PM	25.00	86.46	1.47	0.60	26.51	28.64	27.70	27.09	28.80	26.61	0.00	0.00	0.00	4.50	4.62	5.19
9/3/2015	12:44:18 PM	24.67	86.59	1.43	0.56	26.51	28.64	27.44	27.06	28.54	26.51	0.00	0.00	0.00	4.57	4.60	5.17
9/3/2015	12:44:20 PM	25.06	86.66	1.47	0.53	26.45	28.57	27.67	27.15	28.64	26.48	0.00	0.00	0.00	4.56	4.60	5.19
9/3/2015	12:44:23 PM	24.83	86.30	1.50	0.60	26.54	28.48	27.77	27.15	28.67	12.13	0.00	0.00	0.00	4.49	4.59	5.10
9/3/2015	12:44:25 PM	24.96	86.20	1.50	0.53	26.77	28.12	27.77	27.12	28.48	26.41	0.00	0.00	0.00	4.54	4.59	5.15
9/3/2015	12:44:27 PM	24.90	85.88	1.43	0.60	26.45	28.31	27.61	27.12	28.64	12.23	0.00	0.00	0.00	4.56	4.60	5.16
9/3/2015	12:44:30 PM	24.96	85.85	1.47	0.53	26.77	28.41	27.80	27.03	28.38	11.88	0.00	0.00	0.00	4.56	4.62	5.19
9/3/2015	12:44:32 PM	24.80	85.62	1.40	0.53	26.48	28.25	27.83	26.93	28.77	26.45	0.00	0.00	0.00	4.53	4.61	5.11
9/3/2015	12:44:35 PM	24.87	85.72	1.43	0.50	26.48	28.61	27.80	27.03	28.35	11.94	0.00	0.00	0.00	4.54	4.57	5.16
9/3/2015	12:44:37 PM	24.96	85.56	1.47	0.53	26.35	28.06	27.67	27.03	28.44	26.12	0.00	0.00	0.00	4.55	4.61	5.15
9/3/2015	12:44:39 PM	24.77	85.33	1.37	0.53	26.67	28.48	27.80	26.96	28.64	12.20	0.00	0.00	0.00	4.51	4.54	5.10
9/3/2015	12:44:42 PM	24.90	85.04	1.47	0.50	26.57	28.31	27.77	26.99	28.38	26.57	0.00	0.00	0.00	4.56	4.62	5.12
9/3/2015	12:44:44 PM	24.70	84.98	1.47	0.50	26.57	28.06	27.80	26.93	28.35	11.88	0.00	0.00	0.00	4.55	4.56	5.17
