Time (sec)	Fluid Temperature (C)	Flowrate (GPM)	"Pressure Drop (large pipe, (""WC)"	"Pressure Drop (small pipe, (""WC))"	Ambient Temperature (C)	Ambient Pressure (kPa)	Flow Setpoint (GPM)	Control Output (%)
18967.93469	23.681387	10.122043	8.613446	0.342498	22.024614	86.090988	10	37.495444
18968.48439	23.666607	10.069781	8.59657	0.34898	22.039045	86.08183	10	37.530496
18970.37699	23.551856	10.022147	8.468039	0.336798	21.939351	86.082146	10	37.555788
18971.97199	23.58125	10.048667	8.327614	0.339406	22.032604	86.080788	10	37.511727
18972.45106	23.570164	10.035466	8.287315	0.32959	22.035934	86.087223	10	37.51875
18974.65198	23.674366	10.028601	8.157601	0.330763	21.938611	86.086163	10	37.502089
18975.38199	23.642421	10.038173	8.128907	0.341529	22.029424	86.090616	10	37.486011
18976.73399	23.653506	10.041845	8.063882	0.333166	21.853493	86.088766	10	37.465131
18977.00706	23.649072	10.047863	8.054001	0.332384	21.99745	86.090217	10	37.454947
18979.40706	23.675139	10.001863	8.017083	0.326479	22.033192	86.086562	10	37.486376
18979.66498	23.623408	10.001008	8.0182	0.329944	22.033192	86.086562	10	37.487438
18981.86121	23.63006	9.997345	7.993781	0.312211	21.964145	86.08832	10	37.491455
18982.45199	23.640036	9.999357	7.989478	0.310162	21.985827	86.091174	10	37.489597
18984.48822	23.66664	9.989558	7.987271	0.290493	21.8885	86.091026	10	37.501813
18984.91499	23.558373	9.98033	7.993437	0.286488	21.956004	86.087743	10	37.513281
18986.12871	23.751621	9.970045	8.0018	0.269985	21.966584	86.085614	10	37.529829
18988.25506	23.683099	9.95645	8.017446	0.258921	21.913665	86.08368	10	37.567618
18989.79005	23.74665	9.956969	8.009195	0.245957	21.930318	86.089036	10	37.593136
18990.23212	23.706007	9.956944	8.009949	0.24903	21.958662	86.087567	10	37.599414
18991.38799	23.733349	9.980196	7.993092	0.26423	21.944751	86.084944	10	37.588294
18992.9023	23.850634	10.00913	7.975481	0.259722	21.954372	86.090765	10	37.558388
18995.10324	23.590522	9.980095	7.970014	0.242232	21.901082	86.084591	10	37.584253
18996.05809	23.655219	9.962585	7.979169	0.239587	21.897971	86.087697	10	37.608696
18996.48599	23.710072	9.960666	7.981357	0.24646	21.842087	86.090654	10	37.616903
18997.989	23.775098	9.968779	7.994591	0.24903	21.974574	86.088199	10	37.625986
18998.752	23.638189	9.943332	7.995253	0.229249	21.926836	86.085846	10	37.660728
19000.85599	23.717461	9.970707	7.972622	0.222655	21.915583	86.084396	10	37.665772
19002.77298	23.728915	9.998736	7.944058	0.230199	21.886717	86.091779	10	37.646042
19003.183	23.7533	10.009298	7.949804	0.220215	21.912253	86.083606	10	37.634972
19004.698	23.633755	10.008401	7.980715	0.247112	21.974574	86.087343	10	37.638297
19005.65198	23.813522	10.001025	8.000282	0.243144	21.840086	86.089873	10	37.641553
19006.878	23.744802	10.017822	8.015425	0.246479	21.968503	86.091825	10	37.623397
19008.562	23.808719	10.001678	8.020166	0.252476	21.886936	86.090496	10	37.629153
19008.93	23.613264	10.013128	8.015341	0.256313	21.95222	86.090523	10	37.616542
19010.50499	23.667379	10.013472	8.012016	0.247708	21.891528	86.094168	10	37.61212
19011.876	23.693613	10.008627	7.987364	0.254842	22.045253	86.094364	10	37.61196
19013.481	23.631739	10.03016	7.987858	0.254712	21.925205	86.096372	10	37.580978
19013.75411	23.729654	10.021988	7.981078	0.24659	21.885237	86.088506	10	37.586574
19014.99506	23.693613	10.021435	7.981646	0.249198	21.963322	86.091779	10	37.579157
19017.10105	23.69714	10.006205	8.00125	0.234651	21.967022	86.08925	10	37.583229
19017.41	23.750143	10.007889	8.000943	0.245957	22.005357	86.097255	10	37.5807
19019.69999	23.703959	9.987949	8.02715	0.235135	22.002026	86.08898	10	37.602193
19019.99399	23.649072	9.985082	8.01983	0.242735	22.056791	86.08116	10	37.606715
19021.82806	23.683637	9.951236	8.017204	0.234446	21.998696	86.094801	10	37.657891
19022.153	23.791892	9.953055	8.003746	0.235265	21.998696	86.094801	10	37.661296
19023.60398	23.767138	9.951337	7.991844	0.229249	21.981303	86.095805	10	37.687584
19025.44298	23.77839	9.958252	7.969557	0.230516	21.947998	86.089119	10	37.711023
19025.946	23.625424	9.952745	7.959527	0.225673	21.957688	86.090858	10	37.723891
19027.2446	23.726866	9.972333	7.946312	0.231112	21.90899	86.092262	10	37.724003
19029.59499	23.587565	9.942796	7.944999	0.217403	21.96657	86.091909	10	37.784976
19029.87799	23.789675	9.942963	7.951909	0.2093	22.063301	86.091909	10	37.790198
19032.94507	23.628179	9.946702	8.009064	0.242474	22.019637	86.086432	10	37.832636
19033.76306	23.755316	9.934162	8.043691	0.248304	21.955029	86.089426	10	37.859786
19035.22335	23.665129	9.899947	8.107458	0.261454	22.021337	86.088413	10	37.917096
19035.63606	23.705806	9.883225	8.11015	0.265384	21.992254	86.087418	10	37.96101
19037.54198	23.830852	9.889721	8.125889	0.258604	21.920462	86.091249	10	38.032252
19038.41571	23.722399	9.917616	8.108744	0.270246	21.902548	86.092885	10	38.031217
19039.76598	23.689179	9.963977	8.094811	0.279764	21.941337	86.088097	10	38.009754
19040.03599	23.72905	9.966919	8.100418	0.286321	21.939555	86.093015	10	38.009775
19042.59831	23.722769	10.00939	8.067272	0.303364	21.903288	86.094243	10	37.973339
19042.86042	23.765459	10.011804	8.064739	0.29636	21.942146	86.090189	10	37.970009
19044.79198	23.789843	10.050453	8.020454	0.313552	21.807434	86.095359	10	37.909521
19045.80299	23.690825	10.050889	8.010973	0.307219	22.034288	86.093118	10	37.892255
19046.278	23.623577	10.059572	8.016478	0.318209	21.894996	86.09097	10	37.874576
19047.94806	23.72334	10.031091	8.018424	0.329813	21.937705	86.083401	10	37.875583
19048.239	23.660695	10.041325	8.031602	0.333241	21.937705	86.083401	10	37.861985
19051.828	23.694319	10.035583	8.066918	0.340617	21.942735	86.089696	10	37.824631
19053.878	23.64998	10.042817	8.072068	0.332756	21.957167	86.088813	10	37.784869
19054.26998	23.719612	10.042624	8.06974	0.33922	21.990472	86.083531	10	37.77912
19055.84099	23.662173	10.049489	8.059728	0.359783	21.888855	86.091277	10	37.740867
19057.57641	23.682495	10.029515	8.043169	0.344156	21.926822	86.088301	10	37.733286
19057.85702	23.671209	10.02472	8.058806	0.341678	21.83245	86.089389	10	37.735625
19060.09024	23.645714	10.007177	8.057148	0.364663	21.931633	86.087399	10	37.746344
19060.69606	23.730696	10.015609	8.060324	0.361981	21.898326	86.096763	10	37.736244
19063.112	23.726632	10.021887	8.047444	0.362317	21.929262	86.093015	10	37.72076
19063.39499	23.648838	10.037997	8.032794	0.358181	21.929262	86.093015	10	37.701768
19065.31398	23.779465	10.027947	7.993707	0.362466	21.989362	86.085261	10	37.683847
19065.62231	23.710375	10.029154	7.974009	0.359783	21.864128	86.089826	10	37.67983
19067.49399	23.82877	10.017654	7.962284	0.353692	21.961457	86.091035	10	37.679565
19069.39905	23.66214	10.016179	7.953921	0.345031	21.931482	86.088143	10	37.670449
19070.06999	23.681723	10.017579	7.963262	0.356058	21.870419	86.088013	10	37.664593
19071.63698	23.743796	10.01985	7.971998	0.359113	21.92319	86.078696	10	37.65298
19073.09706	23.862389	10.036849	7.986154	0.347807	21.858056	86.086293	10	37.622584
19073.40798	23.710174	10.03322	7.971988	0.347956	21.886922	86.086023	10	37.622281
19074.24399	23.715716	10.032465	7.995104	0.34844	21.899505	86.085	10	37.613622
19076.42399	23.650686	10.018216	8.031947	0.347713	22.021775	86.084377	10	37.595311
19076.97899	23.721258	10.018224	8.027579	0.359225	21.977589	86.08355	10	37.600375
19079.00506	23.683739	10.000983	8.051654	0.365204	21.933182	86.089742	10	37.611765
19079.31499	23.660461	10.002299	8.062755	0.371648	21.933182	86.089742	10	37.610434
19080.41799	23.803078	9.970196	8.05712	0.358871	21.923779	86.082852	10	37.646793
19082.60798	23.642355	9.952259	8.080385	0.366768	21.959895	86.084721	10	37.693452
19082.96404	23.716254	9.953617	8.077144	0.365315	21.93177	86.08089	10	37.697533
19084.93898	23.709804	9.950649	8.046438	0.360845	21.936431	86.082192	10	37.729941
19085.441	23.748767	9.952493	8.057381	0.367048	21.953604	86.088236	10	37.736121
19087.86899	23.68394	9.986457	7.990484	0.3479	21.904385	86.088506	10	37.733269
19088.22099	23.592471	9.995409	7.96328	0.34233	21.924739	86.093397	10	37.725238
19090.13298	23.582695	10.042783	7.938442	0.337301	21.918887	86.0911	10	37.669395
19090.52899	23.69704	10.028132	7.934037	0.33311	21.940501	86.08725	10	37.678708
19093.17222	23.626467	10.003623	7.922116	0.316346	21.99379	86.082062	10	37.689564
19093.86805	23.687602	10.000245	7.931839	0.321618	21.875218	86.08566	10	37.69274
