Time (sec)	Fluid Temperature (C)	Flowrate (GPM)	"Pressure Drop (large pipe, (""WC)"	"Pressure Drop (small pipe, (""WC))"	Ambient Temperature (C)	Ambient Pressure (kPa)	Flow Setpoint (GPM)	Control Output (%)
1053847.051	21.377974	10.01669	8.660431	0.331154	21.267003	86.126471	10	38.16069
1053847.603	21.403891	10.012684	8.664455	0.330614	21.366369	86.125188	10	38.16179
1053849.382	21.427024	10.021451	8.647337	0.342684	21.232936	86.122965	10	38.143463
1053849.712	21.360929	10.022114	8.643816	0.337748	21.260472	86.121887	10	38.140417
1053851.801	21.454421	10.030445	8.684431	0.351495	21.359704	86.126034	10	38.11525
1053852.871	21.547713	10.004009	8.697442	0.349464	21.334291	86.124193	10	38.136755
1053854.689	21.392962	10.033706	8.683025	0.351997	21.297264	86.128572	10	38.092837
1053854.973	21.521799	10.035877	8.680687	0.354102	21.252461	86.128879	10	38.0873
1053856.128	21.437761	10.031887	8.665265	0.343485	21.344052	86.12542	10	38.081883
1053858.22	21.50791	10.036103	8.662853	0.356431	21.395012	86.120492	10	38.058446
1053859.633	21.415355	10.016799	8.659742	0.346745	21.309719	86.122993	10	38.066202
1053860.701	21.535497	10.011619	8.662583	0.351383	21.335772	86.12357	10	38.064942
1053861.243	21.536607	9.999876	8.669661	0.33393	21.26505	86.123663	10	38.076245
1053863.066	21.387779	9.962862	8.66885	0.338791	21.319481	86.123728	10	38.124767
1053863.439	21.386847	9.963222	8.659621	0.343969	21.366268	86.124472	10	38.129
1053865.472	21.443684	9.95987	8.644208	0.34572	21.260371	86.125811	10	38.155074
1053867.773	21.425722	9.989164	8.631411	0.333129	21.279626	86.126759	10	38.149123
1053868.022	21.433867	9.977798	8.622256	0.344826	21.380707	86.124555	10	38.162075
1053869.651	21.465885	9.984965	8.651658	0.352575	21.224958	86.125504	10	38.170715
1053871.496	21.384996	9.977421	8.694378	0.350787	21.306791	86.127949	10	38.1915
1053872.036	21.422568	9.968578	8.69665	0.352519	21.278145	86.125336	10	38.204148
1053873.486	21.360368	9.990824	8.699752	0.349595	21.214085	86.123328	10	38.191485
1053874.553	21.582689	9.995032	8.699575	0.35956	21.342201	86.12714	10	38.189006
1053874.914	21.503468	9.998627	8.695635	0.351997	21.341966	86.125188	10	38.185685
1053877.664	21.54807	9.957221	8.739854	0.353767	21.218663	86.128628	10	38.239658
1053878.753	21.494761	9.960071	8.757065	0.343187	21.213849	86.124156	10	38.252537
1053879.033	21.401465	9.965452	8.754197	0.343951	21.300496	86.123709	10	38.250655
1053881.066	21.418125	9.969827	8.730029	0.347248	21.238053	86.128312	10	38.270125
1053881.773	21.480515	9.987262	8.726658	0.346503	21.268046	86.120548	10	38.258853
1053884.375	21.546589	10.013514	8.714653	0.342498	21.313355	86.12754	10	38.219121
1053886.269	21.470876	10.049749	8.716962	0.331639	21.292485	86.122482	10	38.166569
1053886.527	21.382404	10.059438	8.726825	0.331955	21.271749	86.127029	10	38.152426
1053888.661	21.535484	10.093796	8.724897	0.31847	21.20301	86.126294	10	38.083076
1053888.92	21.420717	10.155017	8.709558	0.327392	21.248791	86.126015	10	38.010698
1053890.887	21.466255	10.287325	8.632054	0.304705	21.172039	86.120873	10	37.694342
1053891.614	21.301126	10.24358	8.648734	0.314949	21.220919	86.127419	10	37.672095
1053892.767	21.427381	10.19204	8.693642	0.303606	21.255962	86.114922	10	37.642185
1053894.057	21.291869	10.155973	8.741605	0.316738	21.185605	86.124332	10	37.605396
1053895.461	21.474029	10.12656	8.792297	0.321487	21.198095	86.123793	10	37.570249
1053897.12	21.355363	10.091222	8.824512	0.321022	21.239939	86.122342	10	37.544837
1053898.768	21.419606	10.050947	8.820367	0.315993	21.256837	86.124165	10	37.547703
1053899.09	21.571022	10.037788	8.812619	0.320966	21.388416	86.126294	10	37.555928
1053900.843	21.405908	10.033236	8.782481	0.325846	21.366201	86.127912	10	37.539819
1053902.42	21.286315	10.038726	8.774481	0.302935	21.282892	86.121543	10	37.516944
1053903.803	21.372765	10.032792	8.764134	0.302321	21.287705	86.124686	10	37.509782
1053904.076	21.520676	10.025743	8.757158	0.306419	21.173655	86.124779	10	37.513941
1053905.791	21.462553	10.009214	8.728837	0.303718	21.236741	86.121189	10	37.529979
1053907.567	21.468106	10.014771	8.6656	0.304295	21.261045	86.119748	10	37.520328
1053908.128	21.526969	10.002651	8.647737	0.306866	21.222165	86.125746	10	37.531162
1053910.02	21.596564	9.980129	8.65381	0.305282	21.217486	86.121636	10	37.552314
1053910.478	21.471438	9.972635	8.663123	0.300235	21.217486	86.124462	10	37.564141
1053911.38	21.471068	9.967899	8.675975	0.31236	21.238222	86.122965	10	37.576239
1053912.958	21.592122	9.966818	8.698746	0.313441	21.268956	86.119348	10	37.588658
1053914.561	21.647648	9.963717	8.701046	0.312696	21.37152	86.124918	10	37.60525
1053916.696	21.480693	9.971747	8.696604	0.301147	21.317227	86.124193	10	37.608971
1053917.381	21.406278	9.994705	8.69787	0.299806	21.322781	86.120771	10	37.588551
1053918.519	21.51068	10.004294	8.686331	0.296062	21.239704	86.123021	10	37.578151
1053919.755	21.506059	9.997253	8.64865	0.28578	21.305513	86.122556	10	37.58424
1053921.783	21.646167	9.96318	8.603341	0.270469	21.289086	86.123328	10	37.635305
1053922.073	21.401656	9.962284	8.604719	0.266521	21.24812	86.126127	10	37.639731
1053924.149	21.577136	9.987421	8.577087	0.238115	21.193181	86.121366	10	37.634647
1053924.408	21.534003	9.991813	8.575718	0.245957	21.324767	86.119302	10	37.63108
1053926.203	21.402397	9.978586	8.612878	0.239363	21.260945	86.127652	10	37.654473
1053927.958	21.461085	9.975049	8.661363	0.248732	21.382157	86.121664	10	37.676206
1053928.238	21.519578	9.996063	8.672715	0.228206	21.291308	86.120827	10	37.656648
1053930.875	21.379812	9.981562	8.69517	0.23113	21.391648	86.122835	10	37.680493
1053931.182	21.539747	9.960054	8.69517	0.236383	21.19207	86.12145	10	37.704623
1053931.962	21.440339	9.952661	8.677577	0.222972	21.214794	86.124816	10	37.722906
1053933.864	21.469038	9.956391	8.687803	0.205184	21.228494	86.125262	10	37.745622
1053935.764	21.416287	9.970121	8.699109	0.204588	21.358225	86.122835	10	37.753995
1053936.04	21.3613	9.966072	8.704548	0.209915	21.28811	86.127057	10	37.760982
1053937.868	21.445165	9.957414	8.721424	0.214422	21.192205	86.123123	10	37.797023
1053938.162	21.568992	9.971269	8.72446	0.218707	21.421167	86.122212	10	37.786727
1053940.115	21.406099	9.932695	8.72297	0.210511	21.392288	86.128172	10	37.862171
1053940.397	21.349273	9.939208	8.721703	0.212429	21.392288	86.128172	10	37.861793
1053942.812	21.521429	9.953709	8.725596	0.211331	21.304032	86.117107	10	37.88897
1053943.086	21.555295	9.965242	8.728362	0.213081	21.304032	86.117107	10	37.880908
1053945.248	21.533454	10.000639	8.757233	0.23398	21.282691	86.122119	10	37.857312
1053945.528	21.342608	9.998451	8.755836	0.229584	21.279359	86.123663	10	37.859362
1053948.997	21.478855	9.960632	8.79971	0.233477	21.300835	86.119962	10	37.912844
1053949.584	21.388328	9.961211	8.794393	0.235135	21.257647	86.123635	10	37.919705
1053951.262	21.509391	9.963105	8.783068	0.24456	21.239874	86.1192	10	37.937698
1053951.523	21.381114	9.966122	8.780656	0.245529	21.34355	86.122593	10	37.940091
1053952.269	21.424432	9.962493	8.783748	0.253538	21.253945	86.128451	10	37.950795
1053953.731	21.462744	9.956584	8.790546	0.236588	21.26714	86.126964	10	37.980762
1053955.951	21.395924	10.000111	8.796516	0.234241	21.396126	86.123281	10	37.94597
1053956.741	21.464417	10.029188	8.805541	0.259517	21.212472	86.12291	10	37.912706
1053958.536	21.390741	10.03451	8.807738	0.268458	21.313424	86.125727	10	37.893331
1053959.057	21.385749	10.032323	8.806258	0.266632	21.326383	86.120501	10	37.888419
1053960.821	21.402589	10.016481	8.816921	0.275368	21.290837	86.122166	10	37.89351
1053961.352	21.414985	10.020563	8.817247	0.283024	21.354893	86.123886	10	37.886678
1053963.18	21.442025	10.027067	8.79849	0.264006	21.290837	86.122854	10	37.864357
1053964.536	21.596386	10.034142	8.779547	0.266446	21.249131	86.122733	10	37.838477
1053964.958	21.56104	10.027361	8.773438	0.274474	21.31504	86.12582	10	37.841418
1053967.274	21.38686	10.006029	8.738597	0.276262	21.399828	86.123951	10	37.839751
1053967.614	21.411474	10.015601	8.733317	0.271233	21.400939	86.124732	10	37.829228
1053970.248	21.387038	10.009759	8.748385	0.27602	21.319483	86.118325	10	37.822097
1053973.177	21.477936	9.99903	8.752325	0.259331	21.384143	86.126666	10	37.842655
1053973.962	21.349465	9.978159	8.743962	0.258046	21.225432	86.11985	10	37.866439
1053974.419	21.461098	9.96147	8.739519	0.258362	21.310227	86.120185	10	37.887534
