449975.6036	25.579771	15.984455	-0.042275	37.504392	21.47929	85.757532	16	63.052134
449976.478	25.613152	15.98945	-0.030075	37.440988	21.650316	85.766691	16	63.050413
449976.8251	25.790916	16.004697	-0.034285	37.440708	21.598492	85.762655	16	63.035287
449979.9932	25.667	15.954665	-0.026266	37.446482	21.564436	85.760991	16	63.089827
449980.427	25.641552	15.9434	-0.028883	37.488317	21.522604	85.760814	16	63.108417
449981.967	25.657411	15.939846	-0.048161	37.420424	21.567633	85.761539	16	63.143226
449983.608	25.647822	15.963609	-0.062364	37.420722	21.556796	85.761177	16	63.148879
449985.1151	25.633622	15.979174	-0.081763	37.412955	21.580488	85.767453	16	63.147696
449985.485	25.781144	15.960516	-0.083552	37.396992	21.57406	85.76856	16	63.1703
449986.367	25.663128	15.933174	-0.096199	37.430203	21.633894	85.767462	16	63.212331
449989.3714	25.747953	15.907936	-0.108893	37.416457	21.506685	85.766347	16	63.318518
449990.7041	25.804008	15.928103	-0.100334	37.429961	21.51631	85.762785	16	63.33143
449990.9891	25.827978	15.9074	-0.09333	37.401928	21.591829	85.761846	16	63.360138
449992.905	25.615918	15.86166	-0.083607	37.431227	21.604045	85.765677	16	63.482299
449993.9557	25.654461	15.874643	-0.084101	37.395204	21.541854	85.762925	16	63.517429
449994.5301	25.669214	15.882237	-0.093358	37.415637	21.583685	85.764301	16	63.533583
449998.1521	25.707754	15.932235	-0.109759	37.515158	21.580589	85.766616	16	63.576849
449998.833	25.622926	15.95117	-0.103072	37.471889	21.524455	85.761856	16	63.571198
450000.992	25.688392	15.90978	-0.096506	37.505305	21.521123	85.766579	16	63.660417
450001.4419	25.695399	15.908188	-0.090378	37.509142	21.59331	85.770298	16	63.675831
450001.9953	25.780038	15.899462	-0.086364	37.481072	21.524455	85.767853	16	63.702413
450003.959	25.70591	15.932143	-0.086206	37.485337	21.576887	85.763548	16	63.71619
450005.971	25.717343	15.90735	-0.071687	37.541794	21.466197	85.76511	16	63.795672
450007.0461	25.784647	15.919579	-0.066881	37.561929	21.511498	85.764041	16	63.815252
450007.569	25.494749	15.913125	-0.067076	37.568225	21.558008	85.767184	16	63.836389
450008.177	25.569997	15.913418	-0.06595	37.564965	21.588498	85.766179	16	63.853618
450010.656	25.731911	15.971396	-0.048105	37.520616	21.431767	85.767593	16	63.849968
450011.5351	25.592497	16.016616	-0.047193	37.58022	21.607982	85.7622	16	63.807053
450012.144	25.625323	16.034537	-0.042136	37.586311	21.460408	85.766086	16	63.784034
450013.277	25.704435	16.064309	-0.034601	37.618945	21.402282	85.764301	16	63.735473
450014.8659	25.584198	16.103385	-0.018825	37.672775	21.561474	85.76538	16	63.652025
450015.1587	25.61555	16.112203	-0.016655	37.623546	21.53371	85.765194	16	63.632663
450017.2251	25.65151	16.104701	0.03047	37.665902	21.591459	85.769099	16	63.571738
450018.312	25.601165	16.148891	0.043648	37.647816	21.565176	85.766644	16	63.480755
450020.043	25.807327	16.164557	0.056296	37.610563	21.537041	85.766616	16	63.371334
450020.4961	25.661653	16.162872	0.055169	37.603373	21.466433	85.766309	16	63.348395
450023.128	25.670873	16.120434	0.04743	37.602591	21.588733	85.764747	16	63.24849
450025.154	25.524812	16.071618	0.037753	37.533747	21.510017	85.765333	16	63.238769
450025.6131	25.649666	16.073714	0.036179	37.511787	21.678077	85.76511	16	63.22612
450027.566	25.657596	16.116822	0.009637	37.480997	21.580589	85.765687	16	63.122763
450027.899	25.700931	16.096957	-0.000552	37.514823	21.591829	85.762525	16	63.130647
450030.868	25.629012	16.012677	-0.034145	37.448494	21.562585	85.765138	16	63.183819
450031.389	25.551924	16.00551	-0.044715	37.492043	21.589978	85.764794	16	63.188903
450032.8417	25.59471	16.006298	-0.053079	37.431339	21.453374	85.765194	16	63.182224
450033.269	25.61389	16.014412	-0.049763	37.432624	21.517657	85.76524	16	63.172477
450035.234	25.555428	15.986885	-0.057214	37.440522	21.492112	85.762702	16	63.193959
450036.933	25.688208	15.962469	-0.046615	37.390529	21.569484	85.766598	16	63.226419
450038.0031	25.582538	15.958898	-0.046289	37.379912	21.455225	85.764617	16	63.247147
450038.286	25.605038	15.957222	-0.056534	37.420648	21.508166	85.761623	16	63.252924
450040.667	25.747769	15.999618	-0.07856	37.413774	21.567767	85.760126	16	63.229219
450040.9173	25.727854	16.001084	-0.081	37.409882	21.565916	85.759243	16	63.227605
450042.6161	25.616288	15.987874	-0.09211	37.440932	21.51483	85.764171	16	63.252581
450044.237	25.693187	16.019172	-0.111696	37.382035	21.654387	85.757755	16	63.223747
450045.205	25.567969	16.023707	-0.125126	37.426869	21.530748	85.757885	16	63.208607
450047.224	25.682676	15.958228	-0.103482	37.421169	21.489151	85.759382	16	63.287192
450051.306	25.730252	15.952	-0.080078	37.394533	21.562585	85.763009	16	63.383101
450051.5791	25.738919	15.958228	-0.08059	37.394142	21.524085	85.765175	16	63.380921
450053.6741	25.562068	15.957297	-0.081987	37.377229	21.519137	85.763818	16	63.422908
450054.388	25.584567	15.955328	-0.07924	37.433537	21.559623	85.765826	16	63.435388
450054.792	25.530346	15.956618	-0.074527	37.417593	21.558008	85.765184	16	63.439809
450055.7068	25.597478	15.948245	-0.072953	37.385537	21.557772	85.764078	16	63.462662
450058.661	25.552847	15.923183	-0.086262	37.435698	21.446946	85.758192	16	63.558954
450059.188	25.572949	15.945722	-0.097866	37.40014	21.577628	85.764794	16	63.547354
450061.6234	25.700933	15.937047	-0.116641	37.454492	21.634634	85.762479	16	63.608201
450062.579	25.540675	15.933392	-0.112544	37.446389	21.530614	85.757792	16	63.629346
450062.9	25.54547	15.925748	-0.114034	37.452946	21.572445	85.762925	16	63.64474
450065.683	25.564835	15.955269	-0.093498	37.458087	21.578873	85.760507	16	63.663928
450066.238	25.513563	15.956107	-0.081456	37.460601	21.566287	85.764747	16	63.67117
450067.8091	25.562069	15.962435	-0.067039	37.49534	21.59368	85.761986	16	63.687611
450068.3704	25.580327	15.959694	-0.069051	37.493049	21.717313	85.762702	16	63.697921
450070.551	25.542704	15.951204	-0.071528	37.466357	21.564436	85.765333	16	63.729912
450071.408	25.667925	15.937432	-0.080264	37.464438	21.566152	85.765603	16	63.759459
450071.756	25.684891	15.927743	-0.079212	37.472578	21.485819	85.762386	16	63.777041
450074.131	25.681941	15.948245	-0.103696	37.521584	21.569484	85.763278	16	63.807907
450074.975	25.603565	15.955395	-0.110187	37.548257	21.643283	85.757941	16	63.81489
450075.3534	25.589549	15.947415	-0.10676	37.551498	21.668319	85.759113	16	63.829085
450078.18	25.597664	16.004052	-0.102113	37.575974	21.714722	85.763325	16	63.81817
450079.706	25.605226	16.033967	-0.083086	37.590856	21.58207	85.761902	16	63.775899
450080.0002	25.614815	16.0411	-0.073382	37.588826	21.598358	85.765287	16	63.765114
450081.938	25.652251	16.07679	-0.029097	37.595103	21.636351	85.764078	16	63.696057
450083.332	25.635839	16.063613	-0.01834	37.588658	21.605997	85.762032	16	63.675025
450084.693	25.52334	16.085113	-0.011449	37.611774	21.655969	85.759922	16	63.619907
450085.904	25.574797	16.088332	-0.00627	37.58497	21.68225	85.770801	16	63.58278
450086.2001	25.594714	16.099379	-0.011057	37.607378	21.526037	85.765556	16	63.56243
450087.677	25.503052	16.122764	-0.034722	37.563624	21.583786	85.763232	16	63.481158
450089.5501	25.632888	16.13356	-0.033521	37.583871	21.557873	85.763325	16	63.386065
450090.099	25.614447	16.130115	-0.03001	37.56368	21.624001	85.764664	16	63.3653
450090.6902	25.614632	16.134365	-0.02147	37.595047	21.544917	85.767416	16	63.334683
450092.7311	25.68858	16.178093	-0.005451	37.542204	21.645975	85.76843	16	63.188011
450093.611	25.607071	16.144549	-0.001614	37.535778	21.631034	85.766644	16	63.172625
450094.062	25.610206	16.139118	-9.57E-05	37.572695	21.598089	85.759299	16	63.156557
450096.956	25.635101	16.115874	0.020412	37.515587	21.569215	85.759466	16	63.061277
450097.562	25.61205	16.112404	0.008919	37.51609	21.555148	85.76564	16	63.041508
450099.5091	25.635655	16.077502	-0.003681	37.453765	21.553162	85.769815	16	63.016237
450100.465	25.607071	16.089237	-0.007928	37.464979	21.587354	85.763009	16	62.976068
450102.163	25.678992	16.05073	-0.002955	37.45872	21.623631	85.76484	16	62.979149
450103.071	25.606702	16.053387	-0.005777	37.468927	21.598089	85.765947	16	62.963831
450104.141	25.609284	16.055366	-0.027318	37.41532	21.572412	85.766226	16	62.939491
450105.2852	25.600617	16.038275	-0.033931	37.458403	21.492315	85.761976	16	62.938386
450106.2	25.560228	16.042768	-0.030001	37.418487	21.642005	85.764171	16	62.920997
450486.1517	25.693055	14.519927	-0.086988	35.210712	21.609665	85.755774	14.5	55.222006
450486.904	25.783409	14.529759	-0.077321	35.224254	21.585469	85.763195	14.5	55.206521
450488.2811	25.826005	14.518217	-0.066536	35.209744	21.444186	85.756081	14.5	55.205526
450488.8311	25.751325	14.509223	-0.064664	35.20559	21.522672	85.754305	14.5	55.212059
450491.5877	25.65728	14.505728	-0.028594	35.220435	21.500325	85.755942	14.5	55.213592
450492.1382	25.807011	14.505049	-0.037256	35.195345	21.575844	85.760135	14.5	55.21362
450494.632	25.773821	14.502392	-0.059216	35.172137	21.526003	85.755068	14.5	55.207065
450494.9041	25.764602	14.508829	-0.059216	35.176253	21.553398	85.758862	14.5	55.200124
450496.084	25.793735	14.511268	-0.070895	35.165916	21.511431	85.763232	14.5	55.193733
450498.6961	25.656729	14.456182	-0.07489	35.142837	21.592267	85.757839	14.5	55.25718
450499.318	25.750037	14.459443	-0.083589	35.137417	21.6204	85.760954	14.5	55.262512
450500.721	25.745243	14.455118	-0.096767	35.118437	21.527349	85.757309	14.5	55.286958
450503.684	25.821393	14.46091	-0.101964	35.13453	21.57783	85.750753	14.5	55.33139
450504.376	25.838725	14.482283	-0.104246	35.141943	21.641735	85.753868	14.5	55.318075
450506.155	25.896068	14.462083	-0.110606	35.108081	21.466635	85.746922	14.5	55.358004
450508.028	25.840569	14.439469	-0.12304	35.135517	21.57783	85.755021	14.5	55.410653
450508.487	25.825818	14.433803	-0.136823	35.142837	21.50194	85.758099	14.5	55.42589
450509.0313	25.921324	14.448094	-0.142299	35.122348	21.595094	85.756881	14.5	55.421897
450510.441	25.842226	14.418941	-0.158216	35.106851	21.521191	85.757039	14.5	55.481642
450511.2211	25.942154	14.422227	-0.161634	35.119256	21.543638	85.757039	14.5	55.499077
450513.289	25.96649	14.429779	-0.153801	35.110632	21.613367	85.756267	14.5	55.541966
450519.771	25.883157	14.448563	-0.087817	35.119499	21.544278	85.760591	14.5	55.642003
450520.0552	25.973313	14.455604	-0.080515	35.143583	21.544278	85.760591	14.5	55.639665
450522.2653	25.829319	14.42019	-0.078159	35.142335	21.648163	85.756658	14.5	55.719195
450522.8186	25.840382	14.41926	-0.088823	35.170237	21.603002	85.754873	14.5	55.734726
450525.399	25.849969	14.440206	-0.087333	35.207434	21.469496	85.759689	14.5	55.77951
450525.8361	25.897538	14.436191	-0.08303	35.182419	21.561442	85.757932	14.5	55.792329
450527.433	25.846651	14.424365	-0.09253	35.217381	21.638673	85.756788	14.5	55.83701
450528.8051	25.795579	14.441145	-0.097354	35.173236	21.459871	85.758657	14.5	55.850107
450529.6921	25.939573	14.425915	-0.101368	35.218163	21.571302	85.759949	14.5	55.883623
450530.606	25.929986	14.431389	-0.098145	35.172416	21.620535	85.757439	14.5	55.900322
450531.1104	25.878363	14.435504	-0.10418	35.225073	21.619189	85.761567	14.5	55.907294
450533.8683	26.009073	14.399831	-0.121326	35.20885	21.64362	85.757978	14.5	56.021218
450534.146	25.91155	14.401415	-0.125759	35.233288	21.569821	85.757755	14.5	56.028441
450537.6202	25.713885	14.444406	-0.122378	35.294867	21.627333	85.754733	14.5	56.059702
450539.4791	25.842226	14.430894	-0.09727	35.295388	21.582037	85.752669	14.5	56.11757
450540.445	25.767547	14.455	-0.104944	35.307179	21.611046	85.755765	14.5	56.111319
450540.7521	25.774554	14.454782	-0.112627	35.260426	21.59846	85.751572	14.5	56.116054
450542.7611	25.756484	14.448974	-0.117796	35.286894	21.612526	85.752622	14.5	56.151391
450543.181	25.876702	14.432277	-0.119296	35.283691	21.632145	85.748299	14.5	56.176427
450545.7773	25.813089	14.415916	-0.108166	35.316138	21.66768	85.751051	14.5	56.254693
450546.072	25.776398	14.413594	-0.103901	35.274825	21.630665	85.750084	14.5	56.265456
450547.787	25.89477	14.411264	-0.111957	35.343202	21.763546	85.753357	14.5	56.313937
450549.232	25.7362	14.417483	-0.116073	35.34134	21.688274	85.755682	14.5	56.347166
450550.5201	25.670366	14.445663	-0.109331	35.352515	21.619324	85.749349	14.5	56.350901
450551.624	25.596418	14.44278	-0.095454	35.381014	21.644361	85.754138	14.5	56.368566
450552.998	25.666314	14.468059	-0.082238	35.3473	21.601421	85.748066	14.5	56.369504
450553.2911	25.712228	14.475896	-0.07923	35.387887	21.660277	85.745853	14.5	56.364218
450555.3261	25.698582	14.510564	-0.080115	35.410108	21.692851	85.750391	14.5	56.330163
450556.9316	25.67756	14.535768	-0.072245	35.452633	21.549966	85.753338	14.5	56.291499
450559.188	25.61394	14.565591	-0.071863	35.456824	21.551446	85.756825	14.5	56.22019
450559.508	25.63367	14.570059	-0.072199	35.425475	21.702845	85.755737	14.5	56.208416
450561.0551	25.717578	14.560461	-0.084166	35.433336	21.628073	85.757439	14.5	56.179582
450562.591	25.608776	14.596621	-0.09212	35.384702	21.616833	85.75385	14.5	56.105617
450563.265	25.717578	14.568198	-0.095975	35.426015	21.710112	85.75928	14.5	56.11596
450564.0549	25.802586	14.566362	-0.091691	35.425159	21.571302	85.755542	14.5	56.100642
450565.4431	25.636994	14.574987	-0.099375	35.417727	21.649408	85.754119	14.5	56.060281
450566.8747	25.582406	14.611834	-0.110923	35.4067	21.64214	85.75318	14.5	55.979546
450568.901	25.617078	14.557142	-0.097745	35.377959	21.627333	85.749591	14.5	55.98087
450569.4961	25.607488	14.551065	-0.081903	35.383808	21.593513	85.754259	14.5	55.975236
450571.7529	25.727172	14.537009	-0.07734	35.368683	21.612021	85.759159	14.5	55.952318
450572.0134	25.792078	14.544452	-0.077219	35.362387	21.66694	85.758164	14.5	55.941376
450574.324	25.783965	14.530555	-0.091552	35.344338	21.642745	85.75835	14.5	55.930336
450574.5991	25.624459	14.539808	-0.093014	35.333293	21.603137	85.754696	14.5	55.914648
450575.5131	25.750224	14.519918	-0.090574	35.374904	21.640894	85.75862	14.5	55.923792
450577.8241	25.574853	14.503171	-0.078876	35.336664	21.714554	85.750261	14.5	55.930491
450578.108	25.722933	14.501252	-0.074928	35.332343	21.643856	85.755272	14.5	55.934451
450581.2861	25.613768	14.526297	-0.068101	35.315728	21.699008	85.747127	14.5	55.891177
450581.5721	25.575034	14.531536	-0.067607	35.357675	21.697528	85.750651	14.5	55.883495
450583.772	25.631472	14.519038	-0.038597	35.343388	21.685313	85.756583	14.5	55.875262
450584.048	25.717775	14.522844	-0.025484	35.380716	21.643115	85.753775	14.5	55.869694
450586.1754	25.622251	14.5197	-0.035058	35.310718	21.604618	85.752362	14.5	55.863194
450586.51	25.714825	14.522768	-0.027626	35.353279	21.575744	85.74921	14.5	55.85761
450589.734	25.610449	14.531376	-0.028082	35.327798	21.672492	85.755272	14.5	55.821849
450591.096	25.608423	14.549867	-0.050005	35.279667	21.700859	85.761707	14.5	55.787369
450592.6871	25.719437	14.51758	-0.056208	35.275886	21.591662	85.761261	14.5	55.800261
450593.635	25.734007	14.5124	-0.062597	35.290191	21.734912	85.756565	14.5	55.79961
450593.929	25.635166	14.510841	-0.061973	35.286298	21.628814	85.75637	14.5	55.800542
450595.796	25.676474	14.51105	-0.044185	35.271304	21.750087	85.751934	14.5	55.792753
450597.0171	25.59902	14.51152	-0.048953	35.248524	21.664214	85.747592	14.5	55.792149
450597.3	25.695839	14.519114	-0.049959	35.294662	21.596844	85.752632	14.5	55.783132
450598.904	25.599025	14.495938	-0.033782	35.273167	21.756379	85.750586	14.5	55.803495
450599.7481	25.637935	14.517504	-0.025642	35.272589	21.640289	85.754259	14.5	55.779591
450600.7781	25.589248	14.52043	-0.029861	35.289986	21.683092	85.754082	14.5	55.769024
450602.9561	25.757065	14.507018	-0.04018	35.295034	21.603137	85.758266	14.5	55.771931
450603.4191	25.712991	14.502216	-0.045861	35.297716	21.67865	85.74683	14.5	55.775725
450605.0891	25.698977	14.542256	-0.061647	35.294587	21.782657	85.756035	14.5	55.723285
450606.071	25.6514	14.533388	-0.074136	35.309581	21.638303	85.756788	14.5	55.720338
450606.6801	25.639785	14.540471	-0.081894	35.311202	21.709002	85.754482	14.5	55.705021
450609.529	25.689575	14.536607	-0.095975	35.299411	21.674814	85.756723	14.5	55.660153
450610.248	25.614704	14.521745	-0.100669	35.303845	21.701599	85.757513	14.5	55.668497
450611.306	25.589254	14.544134	-0.095063	35.280208	21.645101	85.755189	14.5	55.636107
450613.147	25.896645	14.535919	-0.074443	35.308855	21.637563	85.755858	14.5	55.616138
450613.4851	25.795606	14.530991	-0.070401	35.262941	21.694701	85.755142	14.5	55.617297
450615.178	25.724799	14.537679	-0.056934	35.295649	21.601656	85.755468	14.5	55.591711
450616.906	25.64606	14.536204	-0.061833	35.283523	21.637193	85.757113	14.5	55.57093
450618.0891	25.710784	14.539825	-0.06093	35.281251	21.660513	85.758564	14.5	55.550135
450618.614	25.834514	14.556656	-0.059011	35.236808	21.584258	85.753283	14.5	55.524926
450620.288	25.83912	14.564242	-0.046131	35.279779	21.63201	85.752743	14.5	55.484925
450620.851	25.787124	14.575658	-0.050797	35.284343	21.681241	85.753775	14.5	55.459424
450882.9947	25.942226	11.486189	-0.036753	30.732448	21.710328	85.754677	11.5	43.75605
450884.392	25.778313	11.513983	-0.044185	30.701397	21.627413	85.752529	11.5	43.730463
450884.882	25.84746	11.507353	-0.055994	30.724438	21.771029	85.755403	11.5	43.73676
450886.845	25.813534	11.48494	-0.060073	30.743549	21.483039	85.749461	11.5	43.756
450887.1181	25.728714	11.494152	-0.061405	30.740122	21.558425	85.752576	11.5	43.747841
450888.9201	25.724101	11.458428	-0.061861	30.705123	21.563373	85.756035	11.5	43.799703
450890.541	25.977435	11.463533	-0.066648	30.712648	21.59817	85.754529	11.5	43.814647
450891.086	25.814084	11.453164	-0.073959	30.678841	21.616308	85.760005	11.5	43.833263
450892.59	25.77038	11.455461	-0.064394	30.714343	21.672573	85.7516	11.5	43.846725
450893.397	25.73387	11.456123	-0.060762	30.727735	21.560041	85.752799	11.5	43.857574
450896.6021	25.832334	11.458537	-0.03543	30.691767	21.62903	85.753906	11.5	43.899226
450897.8234	25.782181	11.452921	-0.042676	30.72401	21.577205	85.754789	11.5	43.923565
450899.2441	25.786419	11.447439	-0.050154	30.711605	21.634212	85.755049	11.5	43.953223
450899.5234	25.780706	11.449627	-0.048245	30.681579	21.661234	85.754343	11.5	43.956523
450902.3872	25.787894	11.472292	-0.085275	30.720117	21.705417	85.753999	11.5	43.981667
450903.029	25.809283	11.47971	-0.091971	30.692419	21.598306	85.755682	11.5	43.978564
450904.7401	25.731838	11.469509	-0.091384	30.742636	21.590298	85.748206	11.5	44.004092
450905.0003	25.799326	11.476776	-0.090872	30.749677	21.632127	85.750995	11.5	43.999307
450907.0561	25.759498	11.457422	-0.104581	30.768844	21.632497	85.748968	11.5	44.045599
450907.977	25.918064	11.448009	-0.098248	30.715386	21.61769	85.756239	11.5	44.070025
450908.462	25.862015	11.454346	-0.104292	30.762902	21.649154	85.756714	11.5	44.07111
450910.015	25.7831	11.456802	-0.084464	30.719241	21.591778	85.754482	11.5	44.09004
450911.343	25.728331	11.504436	-0.079063	30.748336	21.64781	85.755319	11.5	44.05674
450911.977	25.747508	11.508191	-0.076474	30.767428	21.597097	85.753338	11.5	44.051912
450913.3209	25.810939	11.517772	-0.072404	30.761281	21.553415	85.755858	11.5	44.036662
450914.664	25.758941	11.466039	-0.060017	30.765472	21.66285	85.752511	11.5	44.093012
450915.798	25.763735	11.48121	-0.056869	30.814516	21.614495	85.754454	11.5	44.087688
450916.4471	25.779593	11.477514	-0.053647	30.796374	21.558228	85.747592	11.5	44.096272
450917.347	25.784387	11.461806	-0.052026	30.800434	21.64781	85.7463	11.5	44.122001
450918.541	25.815364	11.483398	-0.057298	30.77106	21.644984	85.750419	11.5	44.107382
450921.296	25.730725	11.484865	-0.077936	30.809151	21.648316	85.758462	11.5	44.117065
450921.7311	25.898514	11.491956	-0.077004	30.786055	21.58414	85.752232	11.5	44.112023
450923.667	25.775717	11.488947	-0.096693	30.78978	21.518012	85.753589	11.5	44.118068
450924.8892	25.689419	11.477656	-0.088506	30.765938	21.550219	85.753757	11.5	44.134461
450925.321	25.681674	11.469995	-0.088283	30.758934	21.613384	85.763232	11.5	44.147019
450927.5561	25.758197	11.453952	-0.090173	30.799801	21.526157	85.755496	11.5	44.183004
450927.8351	25.781061	11.448646	-0.081372	30.789426	21.569839	85.758211	11.5	44.193482
450928.9671	25.945155	11.449585	-0.075114	30.773947	21.676818	85.754305	11.5	44.213185
450930.637	25.772948	11.483758	-0.081233	30.807028	21.53282	85.754436	11.5	44.189223
450931.3892	25.643867	11.534309	-0.076213	30.745989	21.57886	85.753022	11.5	44.134869
450933.8451	25.836564	11.512609	-0.076101	30.776667	21.614631	85.752157	11.5	44.131094
450934.1261	25.836745	11.523027	-0.077759	30.781417	21.581081	85.750168	11.5	44.119308
450936.5511	25.927456	11.526615	-0.097456	30.797789	21.554057	85.75716	11.5	44.109896
450937.225	25.85869	11.544519	-0.097512	30.76795	21.611065	85.758183	11.5	44.082969
450938.8451	25.902939	11.555549	-0.101638	30.788346	21.632165	85.749861	11.5	44.044007
450939.525	25.946449	11.560285	-0.091337	30.788159	21.534067	85.753162	11.5	44.024445
450941.074	25.754328	11.535458	-0.066592	30.786725	21.611201	85.755272	11.5	44.031759
450941.8427	25.827345	11.536765	-0.059253	30.774972	21.638828	85.75372	11.5	44.022605
450943.8341	25.790649	11.561048	-0.05604	30.77622	21.563312	85.755589	11.5	43.963237
450944.3961	25.870302	11.559346	-0.050769	30.758525	21.676954	85.758285	11.5	43.953079
450946.815	25.821257	11.592161	-0.055491	30.791438	21.708786	85.754222	11.5	43.845665
450947.4971	25.711179	11.56409	-0.054252	30.733491	21.609955	85.757532	11.5	43.856306
450949.429	25.888739	11.523924	-0.0372	30.724047	21.5585	85.757987	11.5	43.864321
450949.8202	25.840802	11.525592	-0.029712	30.741351	21.64364	85.756388	11.5	43.859282
450951.0313	25.911601	11.589018	-0.020501	30.738091	21.608474	85.755914	11.5	43.770196
450951.834	25.972809	11.597291	-0.01631	30.754576	21.627353	85.753552	11.5	43.735592
450954.9101	25.796181	11.560427	-0.013172	30.748094	21.662518	85.758657	11.5	43.681339
450956.275	25.765941	11.561391	-0.032441	30.703633	21.636977	85.753115	11.5	43.652653
450957.066	25.618598	11.600334	-0.046783	30.698995	21.662654	85.753738	11.5	43.588758
450958.3913	25.868458	11.57124	-0.045134	30.733286	21.624157	85.754361	11.5	43.581097
450959.3541	25.707303	11.565214	-0.053842	30.731591	21.673758	85.753534	11.5	43.563467
450960.936	25.870302	11.530596	-0.041176	30.697113	21.681532	85.754863	11.5	43.576051
450962.224	25.79895	11.510631	-0.042555	30.675879	21.537535	85.757309	11.5	43.579447
450962.915	25.830108	11.534737	-0.03991	30.674091	21.616013	85.754008	11.5	43.558222
450964.242	25.696795	11.514545	-0.042685	30.678133	21.540496	85.745723	11.5	43.563365
450964.744	25.803744	11.497764	-0.028622	30.628307	21.639938	85.744877	11.5	43.579658
450966.511	25.743445	11.483708	-0.00207	30.666827	21.677324	85.751228	11.5	43.58945
450966.9555	25.742714	11.494512	0.004635	30.653285	21.674363	85.752604	11.5	43.579836
450968.5582	25.752115	11.482241	0.001515	30.650752	21.673758	85.751665	11.5	43.600515
450970.549	25.806694	11.519524	-0.032189	30.641327	21.621196	85.75636	11.5	43.546512
450970.8202	25.685543	11.511351	-0.032692	30.628885	21.621196	85.75636	11.5	43.55352
450972.501	25.648111	11.491302	-0.036855	30.635683	21.632165	85.756388	11.5	43.562873
450974.137	25.675773	11.53809	-0.0338	30.625997	21.707676	85.751497	11.5	43.508964
450974.538	25.817757	11.538794	-0.037935	30.625364	21.646601	85.758062	11.5	43.502864
450977.9	25.700114	11.479131	-0.011374	30.672042	21.601675	85.755533	11.5	43.532914
450978.596	25.691263	11.483004	-0.004212	30.659991	21.652894	85.751032	11.5	43.532376
450980.0151	25.808538	11.480154	-0.00913	30.659879	21.598713	85.75928	11.5	43.545305
450980.604	25.695139	11.479374	-0.008366	30.655241	21.684591	85.756481	11.5	43.549332
450982.898	25.658995	11.508334	-0.001772	30.600498	21.534301	85.755988	11.5	43.515704
450983.224	25.7252	11.498837	-0.001204	30.596493	21.606351	85.756537	11.5	43.529492
450983.901	25.717267	11.501888	-0.001074	30.612642	21.605241	85.755589	11.5	43.524742
450986.814	25.633734	11.499173	-0.008524	30.586025	21.556747	85.751218	11.5	43.533345
450987.1221	25.655126	11.482744	-0.008701	30.624843	21.664097	85.756081	11.5	43.550996
450989.527	25.800989	11.497991	-0.012883	30.62691	21.709625	85.756388	11.5	43.537342
450989.9811	25.762079	11.489181	-0.005255	30.640545	21.566742	85.756388	11.5	43.545873
450991.5564	25.591318	11.494881	-0.014475	30.637155	21.60487	85.751395	11.5	43.550065
450992.681	25.667116	11.499139	-0.028753	30.588186	21.56341	85.75689	11.5	43.544671
450993.21	25.704735	11.52094	-0.032366	30.640098	21.715177	85.753636	11.5	43.521523
450993.746	25.780706	11.537595	-0.036529	30.642631	21.661506	85.753292	11.5	43.500563
450995.079	25.598514	11.547687	-0.042946	30.640452	21.718508	85.757169	11.5	43.469766
450998.703	25.656977	11.546153	-0.019747	30.629313	21.687046	85.756174	11.5	43.401964
450999.5011	25.778493	11.496742	-0.017949	30.629164	21.6399	85.753608	11.5	43.441434
451000.081	25.685745	11.525492	-0.007844	30.616871	21.580673	85.753729	11.5	43.409555
451001.471	25.747703	11.437037	0.009581	30.580623	21.682098	85.745723	11.5	43.50086
451003.4811	25.710824	11.447666	-0.003001	30.541284	21.571418	85.751758	11.5	43.514559
451005.591	25.723732	11.450029	-0.047304	30.548139	21.688761	85.754008	11.5	43.543134
451006.4234	25.615856	11.413023	-0.059151	30.54935	21.769684	85.751386	11.5	43.578079
451008.7116	25.767068	11.386084	-0.048599	30.576786	21.612878	85.750419	11.5	43.703224
451009.047	25.74531	11.430583	-0.046327	30.570379	21.546986	85.756342	11.5	43.668631
451010.95	25.923053	11.404097	-0.059784	30.553578	21.67567	85.756658	11.5	43.749777
445551.4117	24.101943	15.379197	-0.116809	38.334834	21.33049	85.830765	15.25	62.153333
445552.5681	24.037305	15.377311	-0.131198	38.3494	21.263706	85.827771	15.25	62.114652
445552.9071	24.137578	15.367681	-0.131803	38.320547	21.296795	85.830719	15.25	62.109943
445555.907	24.19611	15.3494	-0.126709	38.277856	21.257412	85.829213	15.25	62.012392
445556.325	24.195193	15.372232	-0.123878	38.31088	21.327023	85.822378	15.25	61.973798
445558.103	24.156223	15.36986	-0.136451	38.296668	21.212976	85.829343	15.25	61.90479
445558.392	24.120766	15.371285	-0.136507	38.276757	21.240614	85.826721	15.25	61.891738
445560.9418	24.159177	15.339367	-0.109787	38.237995	21.265187	85.826795	15.25	61.837336
445561.6561	24.127223	15.339484	-0.10215	38.276384	21.215569	85.833527	15.25	61.816359
445562.036	24.006812	15.349048	-0.102336	38.270256	21.215569	85.833527	15.25	61.795152
445564.17	24.080507	15.365309	-0.098648	38.252542	21.219035	85.831481	15.25	61.71093
445565.992	24.114474	15.370774	-0.099757	38.268654	21.233713	85.82766	15.25	61.626921
445566.589	24.151039	15.365066	-0.088357	38.255113	21.282457	85.825279	15.25	61.608833
445568.136	24.117238	15.354286	-0.072571	38.223112	21.327393	85.825345	15.25	61.562834
445568.699	24.180025	15.344572	-0.073177	38.184313	21.298883	85.821495	15.25	61.554148
445571.295	24.197014	15.338906	-0.089521	38.215513	21.296291	85.832328	15.25	61.47123
445571.568	24.172091	15.326785	-0.088385	38.14896	21.222368	85.829761	15.25	61.476161
445573.652	24.135145	15.324983	-0.053777	38.180905	21.344559	85.834113	15.25	61.428509
445574.446	24.191296	15.336483	-0.059589	38.162446	21.244822	85.831788	15.25	61.395717
445575.021	24.124065	15.345259	-0.057009	38.163824	21.259027	85.837497	15.25	61.369711
445576.7281	24.172256	15.360103	-0.04777	38.204952	21.369232	85.830319	15.25	61.299882
445578.417	24.224878	15.382726	-0.037591	38.199475	21.290871	85.83402	15.25	61.212164
445578.705	24.207354	15.376222	-0.033139	38.161161	21.310866	85.833527	15.25	61.205992
445581.5768	24.167455	15.35147	-0.029665	38.123107	21.226812	85.823494	15.25	61.128869
445581.9991	24.098389	15.347455	-0.025316	38.121784	21.301609	85.83176	15.25	61.118632
445583.4318	24.169862	15.327096	-0.045731	38.152201	21.234958	85.831398	15.25	61.092942
445586.651	24.204566	15.373967	-0.038541	38.093361	21.261619	85.836819	15.25	60.934424
445587.543	24.250551	15.351805	-0.027737	38.120518	21.378387	85.826014	15.25	60.921956
445591.05	24.172435	15.330071	-0.012501	38.09133	21.328772	85.822806	15.25	60.830425
445591.717	24.112972	15.326375	-0.01197	38.084755	21.447385	85.820798	15.25	60.81746
445593.542	24.137348	15.373179	-0.015956	38.024871	21.343111	85.833397	15.25	60.704933
445594.161	24.159878	15.366247	-0.017986	38.025691	21.35432	85.83071	15.25	60.686391
445596.241	24.07382	15.338503	-0.017279	38.056313	21.252126	85.826107	15.25	60.641209
445596.757	24.198478	15.321086	-0.019318	38.041784	21.31928	85.82899	15.25	60.644506
445598.5566	24.210475	15.241684	-0.04927	38.0242	21.325574	85.829017	15.25	60.697166
445600.241	24.227094	15.231232	-0.055612	37.966142	21.310629	85.828153	15.25	60.711434
445600.513	24.16948	15.210562	-0.060585	37.967837	21.310629	85.828153	15.25	60.7347
445602.302	24.159699	15.166465	-0.080869	37.947534	21.255592	85.832021	15.25	60.819412
445604.0222	24.244082	15.136189	-0.130397	37.928926	21.387911	85.828348	15.25	60.904383
445604.492	24.219529	15.123859	-0.138472	37.947106	21.232399	85.836884	15.25	60.9361
445606.0151	24.22433	15.127061	-0.119231	37.900223	21.206343	85.828636	15.25	60.999859
445607.388	24.263476	15.110909	-0.108222	37.92792	21.371991	85.827641	15.25	61.076138
445609.121	24.174103	15.101354	-0.070336	37.955488	21.330388	85.832523	15.25	61.171936
445610.1831	24.115379	15.150589	-0.089149	38.003171	21.337187	85.831044	15.25	61.168822
445610.706	24.169302	15.176825	-0.08642	37.963273	21.266701	85.830096	15.25	61.157594
445611.2421	24.305015	15.19099	-0.101405	37.966533	21.342	85.834782	15.25	61.154689
445613.801	24.311114	15.177076	-0.123841	38.002836	21.332878	85.8217	15.25	61.223095
445614.829	24.158782	15.214468	-0.127789	38.011013	21.377174	85.827055	15.25	61.20479
445615.411	24.211583	15.222313	-0.127408	37.990058	21.341764	85.822769	15.25	61.203089
445617.1203	24.281202	15.234442	-0.107216	38.049719	21.194864	85.83243	15.25	61.197588
445618.011	24.225807	15.225037	-0.0989	37.985122	21.343481	85.832504	15.25	61.212457
445618.812	24.293388	15.25134	-0.083617	38.009467	21.28067	85.833862	15.25	61.19063
445619.2711	24.256829	15.276846	-0.086029	38.026771	21.349776	85.833109	15.25	61.162728
445620.765	24.221197	15.277785	-0.090611	38.050184	21.235731	85.831398	15.25	61.143748
445622.1839	24.280833	15.286686	-0.101498	38.064452	21.265354	85.83402	15.25	61.124457
445623.53	24.224152	15.335285	-0.08168	38.107051	21.407265	85.827874	15.25	61.048183
445626.819	24.244094	15.352526	-0.050592	38.087791	21.373842	85.832123	15.25	60.941236
445627.529	24.087117	15.379591	-0.037013	38.082445	21.340149	85.829743	15.25	60.884598
445627.9401	24.161355	15.395475	-0.036557	38.092243	21.449134	85.829743	15.25	60.84969
445630.353	24.174294	15.33531	-0.004166	38.09012	21.331128	85.826023	15.25	60.825323
445630.785	24.267729	15.329509	-0.002992	38.087009	21.252764	85.830635	15.25	60.81932
445631.803	24.220089	15.357044	0.013706	38.080247	21.346443	85.831705	15.25	60.761851
445633.7	24.193868	15.377638	0.019583	38.038338	21.274611	85.828692	15.25	60.657169
445635.0574	24.185004	15.338704	0.023513	38.027181	21.287571	85.824275	15.25	60.644703
445635.437	24.159152	15.305638	0.02546	38.03601	21.34954	85.825307	15.25	60.667809
445637.703	24.161559	15.230863	0.024826	37.994361	21.419752	85.8307	15.25	60.728061
445638.0791	24.092301	15.218759	0.024743	37.998831	21.375457	85.819561	15.25	60.743325
445640.187	24.163953	15.208425	-0.009623	37.940959	21.442706	85.82514	15.25	60.776103
445640.551	24.12111	15.201677	-0.026964	37.93321	21.360647	85.828143	15.25	60.788177
445643.138	24.194607	15.156985	-0.075011	37.972102	21.250677	85.825196	15.25	60.885621
445644.0151	24.161367	15.166247	-0.084744	37.958039	21.378655	85.830775	15.25	60.90337
445644.353	24.159152	15.168585	-0.09116	37.965304	21.371991	85.829027	15.25	60.910039
445645.1621	24.26736	15.122066	-0.103854	37.959436	21.344726	85.827018	15.25	60.985281
445647.429	24.134037	15.118042	-0.125564	37.929243	21.288816	85.828506	15.25	61.082593
445649.19	24.183527	15.093123	-0.132511	37.938463	21.39434	85.82554	15.25	61.199146
445649.641	24.074572	15.111387	-0.132548	37.9697	21.387911	85.826674	15.25	61.203878
445651.438	24.140316	15.130439	-0.14025	38.016303	21.351155	85.826274	15.25	61.254432
445652.6616	24.136062	15.158619	-0.144078	37.999222	21.281411	85.825438	15.25	61.275231
445654.7641	24.143079	15.196832	-0.166802	37.994882	21.381987	85.823401	15.25	61.277734
445655.0423	24.114271	15.198978	-0.157592	37.956866	21.392489	85.827214	15.25	61.280477
445657.7082	24.123135	15.201074	-0.151659	37.962938	21.324126	85.82527	15.25	61.330878
445658.192	24.067732	15.19306	-0.153829	38.011572	21.466299	85.821848	15.25	61.347606
445660.827	24.176867	15.258431	-0.151231	38.044392	21.309551	85.830673	15.25	61.294531
445662.368	24.143818	15.248037	-0.142355	37.987078	21.391008	85.82647	15.25	61.303533
445662.919	24.203088	15.2488	-0.138136	38.054673	21.341764	85.827567	15.25	61.303223
445664.7451	24.160247	15.314464	-0.11652	38.017849	21.319313	85.830719	15.25	61.221401
445666.73	24.176497	15.307222	-0.085684	38.0459	21.278212	85.825484	15.25	61.186732
445667.0773	24.197905	15.297767	-0.076259	38.004754	21.32719	85.829296	15.25	61.190153
445667.7394	24.189971	15.285806	-0.066238	38.058455	21.30807	85.837358	15.25	61.192524
445668.84	24.198096	15.299058	-0.044883	38.018333	21.374111	85.832263	15.25	61.164091
445670.6691	24.178522	15.348562	0.006722	38.084587	21.245123	85.830989	15.25	61.070196
445671.2427	24.199574	15.348386	0.022144	38.105226	21.284373	85.828487	15.25	61.050969
445675.295	24.094313	15.390739	0.037651	38.068848	21.289557	85.822536	15.25	60.885572
445676.86	24.138992	15.372307	0.025329	38.068215	21.311403	85.836661	15.25	60.827111
445678.206	24.085997	15.333181	0.017329	38.097104	21.408779	85.82859	15.25	60.82371
445678.983	24.177224	15.309058	0.011304	38.094031	21.401879	85.827055	15.25	60.829313
445681.222	24.029663	15.357011	-0.021917	38.036531	21.269932	85.828897	15.25	60.717563
445681.989	24.180178	15.375778	-0.03801	38.024443	21.392993	85.82859	15.25	60.668581
445683.5724	24.23797	15.390697	-0.059486	37.989388	21.402249	85.829473	15.25	60.584715
445685.397	24.023014	15.305269	-0.033996	37.985606	21.355093	85.827195	15.25	60.606908
446035.2067	24.495823	17.52872	-0.144097	40.95552	21.394963	85.82779	17.5	75.806793
446035.909	24.61692	17.523724	-0.136032	41.001285	21.28486	85.827837	17.5	75.806004
446037.098	24.655875	17.537831	-0.127435	40.980591	21.315963	85.824898	17.5	75.777143
446038.678	24.624127	17.527814	-0.119026	40.949839	21.367799	85.822509	17.5	75.773491
446039.177	24.575764	17.556254	-0.110942	40.997411	21.286711	85.824322	17.5	75.73782
446040.925	24.587771	17.507421	-0.092725	40.983292	21.322023	85.827902	17.5	75.768014
446041.2001	24.521123	17.515175	-0.088776	40.982006	21.334476	85.822536	17.5	75.759344
446043.281	24.471471	17.518133	-0.115412	40.964665	21.324849	85.824638	17.5	75.737316
446044.801	24.516147	17.509768	-0.10635	40.926891	21.229453	85.823039	17.5	75.741463
446045.1083	24.575588	17.513146	-0.098909	40.987483	21.378672	85.822992	17.5	75.736956
446047.575	24.570965	17.472586	-0.059337	40.936521	21.302399	85.820547	17.5	75.773364
446048.2474	24.620628	17.488168	-0.046252	40.947883	21.33165	85.818222	17.5	75.763332
446050.3622	24.719017	17.544285	-0.059794	40.943953	21.261434	85.827967	17.5	75.69885
446051.004	24.614352	17.555827	-0.057558	40.941382	21.313877	85.819384	17.5	75.677621
446052.808	24.559343	17.578165	-0.08046	40.956172	21.390656	85.817125	17.5	75.613259
446053.1044	24.501571	17.578232	-0.078448	40.925829	21.205384	85.82368	17.5	75.605398
446054.6121	24.538668	17.563287	-0.093824	40.950546	21.289809	85.824154	17.5	75.578425
446056.2031	24.533869	17.551695	-0.090257	40.894201	21.357568	85.826618	17.5	75.56536
446056.4761	24.549744	17.539348	-0.097791	40.947045	21.21848	85.825345	17.5	75.573454
446058.2091	24.575588	17.53675	-0.105577	40.893456	21.200335	85.831398	17.5	75.554287
446059.9902	24.515777	17.546833	-0.079454	40.912232	21.240698	85.824257	17.5	75.521555
446060.6852	24.607531	17.562046	-0.076623	40.889265	21.327849	85.827576	17.5	75.49409
446061.366	24.747986	17.601089	-0.083198	40.939482	21.278097	85.821216	17.5	75.435837
446063.497	24.573935	17.595674	-0.080236	40.908767	21.320444	85.822239	17.5	75.36426
446064.057	24.479594	17.59031	-0.085861	40.915417	21.224171	85.819607	17.5	75.352192
446066.008	24.582233	17.592607	-0.086327	40.889247	21.366356	85.819422	17.5	75.290524
446067.9541	24.548091	17.573898	-0.073437	40.868571	21.350435	85.822639	17.5	75.260472
446068.2381	24.604753	17.565432	-0.073344	40.922774	21.282306	85.827288	17.5	75.262406
446070.997	24.561189	17.572104	-0.079724	40.890718	21.172698	85.821839	17.5	75.201655
446071.474	24.604191	17.573378	-0.085237	40.874737	21.275777	85.82699	17.5	75.188853
446073.278	24.543468	17.555173	-0.085302	40.875594	21.258373	85.819831	17.5	75.164531
446073.547	24.565796	17.559381	-0.081726	40.922923	21.315532	85.828088	17.5	75.155437
446077.198	24.596824	17.556732	-0.08872	40.876506	21.293316	85.819607	17.5	75.08123
446078.4881	24.577434	17.587066	-0.072087	40.924972	21.333169	85.815033	17.5	75.020849
446078.77	24.530722	17.583621	-0.06771	40.860357	21.333169	85.815033	17.5	75.015816
446079.8177	24.623951	17.577838	-0.056087	40.876115	21.194449	85.824917	17.5	74.992987
446082.6951	24.625058	17.598222	-0.048208	40.885168	21.357372	85.820054	17.5	74.874534
446082.967	24.51154	17.595951	-0.049074	40.916721	21.3122	85.817739	17.5	74.868018
446084.8	24.588686	17.61139	-0.037973	40.941624	21.2848	85.812615	17.5	74.783691
446085.1111	24.712179	17.615045	-0.037572	40.882895	21.380463	85.824201	17.5	74.768233
446087.089	24.649247	17.609823	-0.027886	40.91389	21.331219	85.820807	17.5	74.700797
446087.4141	24.592763	17.591098	-0.027924	40.923389	21.403048	85.823755	17.5	74.708391
446089.113	24.629681	17.603	-0.032245	40.927878	21.373194	85.82249	17.5	74.64535
446090.713	24.617675	17.605699	-0.038727	40.943412	21.299649	85.822471	17.5	74.585978
446091.017	24.691331	17.608733	-0.03529	40.872818	21.221383	85.82382	17.5	74.572001
446092.844	24.652553	17.597443	-0.041717	40.900479	21.38134	85.825549	17.5	74.521977
446094.3202	24.586487	17.583219	-0.053814	40.884814	21.435024	85.827511	17.5	74.489422
446094.7091	24.619151	17.568861	-0.057596	40.883677	21.329875	85.826395	17.5	74.493916
446096.7294	24.620645	17.569146	-0.025204	40.921135	21.453906	85.82527	17.5	74.436727
446097.096	24.580018	17.60098	-0.021125	40.867621	21.267299	85.82276	17.5	74.393445
446100.102	24.630789	17.632789	-0.003672	40.91564	21.279284	85.819607	17.5	74.232076
446102.295	24.633197	17.585398	-0.00356	40.900479	21.19782	85.825289	17.5	74.211034
446103.4916	24.590179	17.584283	-0.018322	40.893233	21.371714	85.827846	17.5	74.180858
446104.4234	24.545138	17.57653	-0.037079	40.871682	21.369394	85.824619	17.5	74.163771
446105.476	24.549937	17.616311	-0.034005	40.851267	21.271508	85.825986	17.5	74.091832
446105.816	24.549937	17.630359	-0.035868	40.885708	21.227814	85.819552	17.5	74.063537
446108.079	24.635043	17.599371	-0.039072	40.812264	21.32853	85.824694	17.5	74.004865
446108.365	24.440456	17.59409	-0.032003	40.864064	21.267942	85.820147	17.5	74.001084
446110.292	24.544768	17.573161	-0.034592	40.82763	21.303488	85.824917	17.5	73.973198
446111.927	24.495664	17.512056	-0.053572	40.795649	21.367913	85.821783	17.5	74.009468
446112.53	24.532216	17.497514	-0.052911	40.781418	21.330147	85.822685	17.5	74.02279
446114.0451	24.55326	17.462042	-0.052566	40.814611	21.306216	85.827381	17.5	74.069108
446116.6991	24.531846	17.440215	-0.064562	40.749865	21.277199	85.825001	17.5	74.138519
446116.985	24.503786	17.429067	-0.064469	40.78736	21.336208	85.82527	17.5	74.155688
446118.632	24.472772	17.376714	-0.065866	40.715965	21.336442	85.826377	17.5	74.267855
446120.355	24.475726	17.362892	-0.059943	40.751821	21.285481	85.824424	17.5	74.353143
446122.004	24.58981	17.33255	-0.072078	40.73962	21.354117	85.822648	17.5	74.463713
446122.606	24.50674	17.28028	-0.065996	40.729991	21.311537	85.818362	17.5	74.554998
446125.0531	24.578541	17.370226	-0.08194	40.735914	21.356942	85.827827	17.5	74.633497
446125.4673	24.585749	17.360872	-0.089968	40.750349	21.309315	85.820323	17.5	74.661731
446128.361	24.477748	17.366287	-0.15084	40.731797	21.247478	85.824731	17.5	74.778291
446128.625	24.614721	17.36596	-0.155953	40.703429	21.371655	85.822825	17.5	74.790522
446131.5234	24.686708	17.416335	-0.163813	40.753907	21.386835	85.818761	17.5	74.865865
446131.995	24.55472	17.423393	-0.159762	40.74532	21.429042	85.833704	17.5	74.866991
446133.461	24.577434	17.471337	-0.160777	40.751933	21.343009	85.82607	17.5	74.846808
446135.668	24.567642	17.468404	-0.121158	40.77	21.443111	85.823401	17.5	74.878066
446135.936	24.671749	17.482552	-0.123524	40.726172	21.443111	85.823401	17.5	74.866249
446136.9932	24.664366	17.499794	-0.118746	40.741595	21.371518	85.826777	17.5	74.848267
446137.9414	24.558043	17.511688	-0.118076	40.771695	21.27983	85.824722	17.5	74.833675
446140.476	24.633725	17.511579	-0.115524	40.776762	21.375494	85.823215	17.5	74.805367
446140.9181	24.591639	17.524629	-0.111612	40.776166	21.333519	85.821793	17.5	74.78966
446142.868	24.626149	17.528343	-0.118569	40.797698	21.403126	85.820193	17.5	74.769762
446143.129	24.618765	17.539775	-0.120488	40.811686	21.374247	85.821077	17.5	74.755539
446145.039	24.637962	17.578056	-0.095435	40.8671	21.355871	85.820268	17.5	74.682112
446145.317	24.59883	17.577578	-0.093153	40.867752	21.242431	85.822295	17.5	74.675259
446146.7421	24.584994	17.593462	-0.052734	40.842625	21.459167	85.822146	17.5	74.616824
446148.685	24.615074	17.601626	-0.032916	40.897685	21.443618	85.821783	17.5	74.54487
446149.654	24.753875	17.588717	-0.015341	40.884031	21.388823	85.820826	17.5	74.527356
446151.055	24.696097	17.587544	-0.011011	40.86805	21.441903	85.824545	17.5	74.488163
446151.4684	24.618765	17.599329	-0.013237	40.857712	21.351194	85.819645	17.5	74.463458
446153.2001	24.612489	17.582372	-0.020836	40.883063	21.403029	85.823048	17.5	74.434545
446154.556	24.543082	17.630174	-0.03693	40.869186	21.30343	85.821616	17.5	74.344129
446155.992	24.537335	17.639839	-0.046615	40.857898	21.356007	85.818101	17.5	74.264511
446157.1401	24.52093	17.618129	-0.049605	40.844841	21.339853	85.822471	17.5	74.238999
446157.487	24.541589	17.638372	-0.049763	40.898895	21.333422	85.821867	17.5	74.204105
446159.331	24.567625	17.595213	-0.043086	40.851305	21.334532	85.814726	17.5	74.180228
446161.46	24.591799	17.593311	-0.035691	40.835211	21.331804	85.821439	17.5	74.128843
446161.918	24.630562	17.595213	-0.033605	40.841954	21.346147	85.821616	17.5	74.112786
446164.091	24.565217	17.646972	-0.033931	40.825507	21.31296	85.815693	17.5	73.972644
446164.796	24.55321	17.639746	-0.027803	40.872502	21.290374	85.816762	17.5	73.945279
446393.1787	24.575677	13.724182	-0.089419	35.505327	21.431754	85.820361	13.75	53.813259
446393.807	24.670007	13.718483	-0.077284	35.52101	21.462853	85.82554	13.75	53.824795
446395.5237	24.579178	13.717896	-0.069945	35.526989	21.482981	85.815126	13.75	53.84867
446396.568	24.576593	13.725498	-0.067617	35.547553	21.528379	85.817915	13.75	53.851662
446397.566	24.590253	13.722791	-0.072087	35.554557	21.434949	85.823531	13.75	53.862746
446397.931	24.609629	13.7244	-0.074425	35.571879	21.517137	85.813852	13.75	53.864221
446399.532	24.621073	13.734048	-0.088199	35.586724	21.478402	85.816772	13.75	53.864625
446401.3921	24.672018	13.745388	-0.090071	35.593132	21.53625	85.816056	13.75	53.852629
446401.689	24.571425	13.743209	-0.095556	35.592853	21.606722	85.814726	13.75	53.855489
446403.8851	24.580833	13.731625	-0.094914	35.588196	21.566606	85.812885	13.75	53.872776
446405.416	24.717614	13.726647	-0.099896	35.542487	21.529353	85.820454	13.75	53.88915
446406.7541	24.66685	13.726286	-0.106555	35.543735	21.440132	85.828357	13.75	53.904855
446407.828	24.666112	13.755254	-0.115794	35.53919	21.48826	85.818389	13.75	53.88181
446408.114	24.691762	13.756578	-0.11653	35.535688	21.479842	85.821439	13.75	53.879699
446410.779	24.632518	13.720813	-0.11856	35.57879	21.395567	85.821495	13.75	53.931179
446411.235	24.688821	13.72601	-0.115328	35.541332	21.424075	85.828813	13.75	53.929917
446414.0041	24.720186	13.741374	-0.123617	35.550123	21.525007	85.819291	13.75	53.938353
446414.548	24.715578	13.735531	-0.125815	35.54109	21.470587	85.826572	13.75	53.946393
446415.999	24.587656	13.688157	-0.128711	35.53796	21.369513	85.820045	13.75	54.012132
446416.53	24.68364	13.675576	-0.128078	35.542636	21.501177	85.822546	13.75	54.036744
446417.8642	24.513078	13.665115	-0.13158	35.563739	21.490812	85.823587	13.75	54.083274
446419.969	24.647832	13.701685	-0.135426	35.599558	21.540789	85.818138	13.75	54.083369
446420.225	24.549999	13.708567	-0.13511	35.564261	21.540789	85.818138	13.75	54.080282
446422.351	24.625313	13.738784	-0.121671	35.63303	21.576327	85.820351	13.75	54.051321
446424.447	24.57252	13.709422	-0.101992	35.653444	21.466748	85.822462	13.75	54.104348
446424.919	24.492772	13.69871	-0.102178	35.656313	21.497475	85.815972	13.75	54.122428
446426.985	24.54963	13.67006	-0.085964	35.618985	21.52339	85.821467	13.75	54.198503
446428.3891	24.640449	13.74341	-0.0875	35.639512	21.488317	85.823076	13.75	54.142758
446428.8371	24.662408	13.702632	-0.088506	35.674865	21.409596	85.820528	13.75	54.18808
446429.4172	24.678651	13.742446	-0.080497	35.660634	21.471794	85.826302	13.75	54.154036
446430.6991	24.617738	13.722808	-0.08832	35.672387	21.594056	85.829231	13.75	54.172897
446431.8367	24.637126	13.795965	-0.083403	35.660038	21.433758	85.818222	13.75	54.096155
446433.3333	24.538911	13.803031	-0.076939	35.716998	21.456108	85.818045	13.75	54.069631
446434.3881	24.708004	13.797943	-0.07042	35.713869	21.499287	85.816716	13.75	54.053286
446435.2191	24.600578	13.774164	-0.065856	35.7148	21.477074	85.81626	13.75	54.067259
446437.812	24.677174	13.835896	-0.045563	35.679168	21.490772	85.81096	13.75	53.97302
446438.571	24.663884	13.843465	-0.053144	35.672127	21.459303	85.810077	13.75	53.943793
446440.2013	24.572698	13.837539	-0.026964	35.693175	21.469903	85.821746	13.75	53.904509
446440.595	24.653179	13.834077	-0.020939	35.702749	21.539132	85.821886	13.75	53.897385
446442.282	24.653179	13.832736	0.005166	35.698632	21.48781	85.823801	13.75	53.851379
446442.9861	24.689725	13.833776	0.014787	35.717463	21.617981	85.822062	13.75	53.830949
446443.977	24.720364	13.867027	0.003173	35.708132	21.51049	85.825121	13.75	53.766421
446445.745	24.64302	13.881695	0.010857	35.693957	21.465461	85.817571	13.75	53.680458
446446.221	24.688618	13.884738	0.014815	35.694925	21.436583	85.818892	13.75	53.656317
446449.031	24.809324	13.862643	0.027741	35.68958	21.457549	85.824982	13.75	53.553767
446449.302	24.621799	13.871092	0.041562	35.679689	21.468422	85.822741	13.75	53.534747
446452.38	24.697846	13.845041	0.06601	35.601812	21.457549	85.816688	13.75	53.440527
446452.9551	24.667576	13.834211	0.058755	35.601123	21.481847	85.816762	13.75	53.433965
446453.432	24.796405	13.828914	0.045632	35.550813	21.521226	85.825995	13.75	53.426415
446454.844	24.678651	13.808119	0.014619	35.537644	21.511971	85.826265	13.75	53.414876
446456.5789	24.74768	13.801522	-0.017335	35.568042	21.452737	85.821272	13.75	53.386343
446458.9457	24.654655	13.80112	-0.018387	35.535818	21.443345	85.818269	13.75	53.3499
446459.379	24.643211	13.802955	-0.01686	35.521141	21.531085	85.818622	13.75	53.340793
446460.922	24.746204	13.811664	-0.02526	35.532037	21.402989	85.8201	13.75	53.305002
446462.624	24.597255	13.797373	-0.026154	35.49877	21.433855	85.827362	13.75	53.289376
446464.233	24.736606	13.784507	-0.025502	35.467441	21.46926	85.819598	13.75	53.277656
446464.691	24.69194	13.774608	-0.02852	35.454383	21.366199	85.818315	13.75	53.282908
446466.625	24.700431	13.757727	-0.05483	35.431939	21.454451	85.818445	13.75	53.287516
446468.709	24.657799	13.751599	-0.040385	35.45077	21.50443	85.819031	13.75	53.292588
446468.991	24.662777	13.739882	-0.028818	35.444027	21.498741	85.821793	13.75	53.30467
446471.3931	24.759492	13.723042	-0.027756	35.413443	21.562044	85.815888	13.75	53.334294
446472.021	24.701169	13.724626	-0.028427	35.4189	21.529838	85.827669	13.75	53.338456
446473.1532	24.759123	13.747358	-0.040171	35.443692	21.42039	85.821198	13.75	53.319665
446476.077	24.636745	13.747207	-0.042424	35.432106	21.582775	85.823299	13.75	53.323565
446476.3702	24.759123	13.737593	-0.045824	35.47748	21.476392	85.818538	13.75	53.3341
446478.014	24.79013	13.711459	-0.049689	35.45606	21.391746	85.820891	13.75	53.371585
446480.235	24.822611	13.6855	-0.081773	35.405526	21.551913	85.821923	13.75	53.437823
446480.5081	24.739012	13.683195	-0.092259	35.40154	21.361619	85.825679	13.75	53.446197
446482.971	24.660931	13.704359	-0.119137	35.371254	21.390635	85.822072	13.75	53.472132
446483.863	24.718709	13.712791	-0.117983	35.41605	21.345698	85.82819	13.75	53.476109
446484.192	24.561813	13.710461	-0.109712	35.381368	21.463941	85.819924	13.75	53.482715
446487.587	24.693607	13.683664	-0.095882	35.408618	21.428769	85.82103	13.75	53.555057
446489.156	24.641556	13.672541	-0.08141	35.412604	21.397163	85.817655	13.75	53.6064
446490.579	24.706158	13.672181	-0.095594	35.401373	21.342502	85.814661	13.75	53.644337
446491.77	24.540757	13.682667	-0.107915	35.392804	21.343243	85.817748	13.75	53.662745
446492.173	24.880929	13.681083	-0.105223	35.389228	21.343243	85.817748	13.75	53.673671
446493.8034	24.7272	13.691996	-0.110122	35.400479	21.33459	85.822285	13.75	53.696248
446494.088	24.814873	13.692289	-0.113466	35.451869	21.349401	85.822202	13.75	53.701532
446496.007	24.741596	13.638192	-0.127324	35.427152	21.397299	85.821532	13.75	53.815481
446497.555	24.687141	13.633674	-0.112981	35.46975	21.422709	85.818892	13.75	53.8756
446498.115	24.791428	13.650732	-0.10893	35.440972	21.4738	85.820491	13.75	53.878862
446500.013	24.685295	13.673354	-0.098732	35.535856	21.442331	85.820798	13.75	53.908892
446501.592	24.709112	13.63815	-0.083999	35.549397	21.429003	85.815498	13.75	53.991384
446502.062	24.673673	13.627463	-0.085479	35.533732	21.374344	85.816465	13.75	54.020607
446503.0427	24.730522	13.61075	-0.078737	35.548782	21.363237	85.818538	13.75	54.080486
446504.955	24.563481	13.693513	-0.084902	35.532801	21.432101	85.816706	13.75	54.060333
446505.531	24.746216	13.709916	-0.090397	35.555078	21.37791	85.818622	13.75	54.05341
446507.2033	24.566613	13.754542	-0.090304	35.612895	21.543905	85.819598	13.75	54.013575
446507.557	24.668505	13.767592	-0.08628	35.638189	21.460609	85.819263	13.75	53.999375
446509.153	24.552214	13.801388	-0.075281	35.662851	21.492681	85.815414	13.75	53.949146
446510.941	24.651154	13.825444	-0.061889	35.68863	21.436408	85.819282	13.75	53.890396
446511.2327	24.721662	13.839509	-0.060641	35.645826	21.463434	85.822676	13.75	53.868524
446513.75	24.695084	13.876255	-0.017176	35.667489	21.49157	85.818706	13.75	53.74395
446514.689	24.557014	13.897277	-0.010638	35.685817	21.431965	85.821969	13.75	53.678397
446516.0823	24.588764	13.891728	0.02111	35.681924	21.312375	85.820128	13.75	53.616613
446516.4721	24.582488	13.886188	0.026726	35.667265	21.335701	85.818678	13.75	53.60397
446518.406	24.611653	13.869826	0.025246	35.580298	21.398644	85.817385	13.75	53.53313
446519.873	24.561622	13.830968	0.016342	35.577076	21.317188	85.824917	13.75	53.523271
446521.184	24.61257	13.834002	0.007299	35.590878	21.379391	85.820788	13.75	53.483583
446522.1374	24.553869	13.839048	0.0043	35.56508	21.401742	85.823252	13.75	53.453255
446952.6161	24.588091	16.744769	-0.080813	39.517092	21.532474	85.814261	16.75	68.914489
446953.187	24.562986	16.776469	-0.076259	39.521637	21.465096	85.815674	16.75	68.881238
446954.968	24.56114	16.8177	-0.057717	39.560138	21.436589	85.815423	16.75	68.811814
446955.635	24.596951	16.804515	-0.053973	39.591002	21.347361	85.811183	16.75	68.80994
446956.7411	24.62907	16.859383	-0.048925	39.586606	21.428309	85.808905	16.75	68.724157
446958.708	24.51942	16.835578	-0.023435	39.55088	21.426828	85.809221	16.75	68.679536
446958.9934	24.582553	16.838143	-0.031574	39.579397	21.460148	85.812132	16.75	68.668755
446960.8491	24.573885	16.858444	-0.034303	39.534154	21.459272	85.807287	16.75	68.592343
446961.0911	24.550064	16.856189	-0.039751	39.54207	21.396098	85.804572	16.75	68.585924
446961.8524	24.531973	16.83925	-0.046215	39.561199	21.406094	85.80791	16.75	68.576742
446964.436	24.610434	16.801782	-0.017614	39.547621	21.427062	85.813154	16.75	68.593489
446964.708	24.497091	16.818731	-0.016375	39.556375	21.479264	85.813154	16.75	68.571014
446967.2412	24.482322	16.786259	-0.021358	39.528193	21.371156	85.809974	16.75	68.560836
446967.782	24.556533	16.772756	-0.022606	39.52797	21.362776	85.816056	16.75	68.569151
446969.4141	24.510383	16.74103	-0.02824	39.533092	21.497169	85.810477	16.75	68.59439
446970.367	24.549887	16.796829	-0.041717	39.535439	21.448906	85.809296	16.75	68.530926
446971.8181	24.502998	16.723487	-0.063118	39.534452	21.421509	85.806413	16.75	68.59744
446974.115	24.701072	16.713948	-0.052622	39.501502	21.522948	85.814642	16.75	68.636865
446974.7371	24.544542	16.711409	-0.062764	39.446479	21.444228	85.812364	16.75	68.64734
446977.2581	24.644784	16.700127	-0.091449	39.498894	21.441131	85.805548	16.75	68.674865
446977.5206	24.558203	16.687847	-0.086904	39.497497	21.474686	85.807241	16.75	68.691984
446978.3132	24.563002	16.665996	-0.091235	39.458475	21.389533	85.814921	16.75	68.733279
446981.134	24.615988	16.695802	-0.095603	39.456724	21.488889	85.813852	16.75	68.764305
446981.399	24.652167	16.686406	-0.093573	39.456407	21.368799	85.814559	16.75	68.778877
446983.4983	24.616165	16.743386	-0.11422	39.419433	21.333625	85.803679	16.75	68.741398
446984.5211	24.659919	16.704276	-0.126644	39.436309	21.513928	85.80712	16.75	68.791488
446986.5023	24.677093	16.66323	-0.143296	39.424388	21.447795	85.810337	16.75	68.881354
446986.9481	24.753137	16.671913	-0.147245	39.386167	21.471724	85.813545	16.75	68.88444
446988.7652	24.566694	16.663607	-0.151408	39.408556	21.479264	85.805781	16.75	68.941875
446990.131	24.767533	16.666498	-0.17741	39.440649	21.492591	85.808319	16.75	68.974639
446990.6862	24.70478	16.650866	-0.172754	39.409971	21.45715	85.807613	16.75	69.007412
446992.732	24.574094	16.61992	-0.164036	39.43873	21.460247	85.813461	16.75	69.117445
446993.812	24.586647	16.624564	-0.148083	39.440183	21.435072	85.811862	16.75	69.158324
446994.256	24.518169	16.660078	-0.136777	39.416118	21.582549	85.811816	16.75	69.13811
446995.9611	24.498408	16.696749	-0.138528	39.46518	21.399529	85.815637	16.75	69.134426
446997.612	24.510046	16.681946	-0.11504	39.474232	21.366343	85.812215	16.75	69.183506
446997.883	24.636309	16.675677	-0.103519	39.526629	21.366343	85.812215	16.75	69.196413
447001.201	24.649054	16.664051	-0.108567	39.528231	21.423595	85.814559	16.75	69.302715
447002.077	24.568204	16.667957	-0.106807	39.523201	21.490975	85.809612	16.75	69.322972
447003.1061	24.686884	16.683497	-0.109787	39.540952	21.41582	85.816223	16.75	69.3328
447005.024	24.612699	16.653205	-0.087258	39.547956	21.408045	85.814698	16.75	69.414722
447005.298	24.559713	16.651084	-0.083384	39.544864	21.450621	85.813406	16.75	69.42418
447006.5037	24.641671	16.695039	-0.078075	39.575057	21.436183	85.814363	16.75	69.408971
447007.4792	24.551221	16.711878	-0.060958	39.579379	21.444698	85.809928	16.75	69.40604
447010.07	24.516516	16.721609	-0.04479	39.62954	21.460247	85.81334	16.75	69.420614
447010.502	24.618237	16.725968	-0.050266	39.625647	21.457656	85.81003	16.75	69.420288
447014.035	24.590372	16.719606	-0.039686	39.573623	21.405823	85.811016	16.75	69.451262
447014.319	24.565637	16.721517	-0.036175	39.570643	21.406194	85.814363	16.75	69.452044
447016.8159	24.549937	16.736772	-0.075375	39.614154	21.29882	85.812132	16.75	69.449814
447017.254	24.68154	16.740301	-0.076054	39.589195	21.484311	85.817078	16.75	69.448012
447017.8942	24.643903	16.741508	-0.078494	39.597186	21.423089	85.811444	16.75	69.449492
447019.997	24.561013	16.753586	-0.093284	39.585693	21.436553	85.817153	16.75	69.44079
447020.282	24.507672	16.74305	-0.096134	39.63021	21.514668	85.81361	16.75	69.451588
447022.246	24.447295	16.748105	-0.083812	39.622965	21.59722	85.817478	16.75	69.448602
447022.499	24.689854	16.749546	-0.075533	39.621773	21.59722	85.817478	16.75	69.447248
447024.431	24.550869	16.760552	-0.061405	39.598229	21.422349	85.815479	16.75	69.433174
447025.532	24.545138	16.766386	-0.046299	39.652562	21.452337	85.810244	16.75	69.42252
447025.815	24.622491	16.767375	-0.044762	39.657833	21.454188	85.80805	16.75	69.419876
447028.776	24.588526	16.778565	-0.045293	39.638928	21.516384	85.802443	16.75	69.384924
447029.044	24.581688	16.785882	-0.053526	39.636171	21.391384	85.802443	16.75	69.374545
447031.5771	24.502133	16.790157	-0.06771	39.592846	21.471218	85.80898	16.75	69.343679
447032.018	24.519486	16.795001	-0.067551	39.587556	21.432715	85.813963	16.75	69.332632
447033.488	24.534255	16.814967	-0.076669	39.621065	21.393235	85.812792	16.75	69.286107
447035.918	24.570805	16.790794	-0.073475	39.568054	21.448635	85.811908	16.75	69.265309
447036.7011	24.628767	16.801975	-0.070234	39.552855	21.483065	85.81057	16.75	69.24216
447038.803	24.608655	16.837514	-0.071277	39.61367	21.392594	85.809528	16.75	69.148035
447039.5171	24.494011	16.828705	-0.059142	39.580832	21.534153	85.814075	16.75	69.137622
447041.3031	24.656085	16.852954	-0.065605	39.614229	21.515273	85.809221	16.75	69.060988
447041.865	24.611046	16.836266	-0.064795	39.631943	21.439379	85.808868	16.75	69.059661
447043.847	24.638365	16.853541	-0.05089	39.619277	21.427396	85.810644	16.75	68.979839
447044.3234	24.696692	16.859131	-0.043486	39.574983	21.39347	85.811267	16.75	68.959863
447046.6644	24.548653	16.857195	-0.009921	39.572208	21.385189	85.80805	16.75	68.88044
447047.7552	24.646487	16.86784	-0.006242	39.597968	21.431839	85.806757	16.75	68.828333
447048.045	24.602748	16.852417	1.60E-05	39.542871	21.467886	85.811537	16.75	68.833025
447050.53	24.656085	16.888007	0.013725	39.574797	21.438503	85.812262	16.75	68.709436
447051.964	24.593695	16.862174	0.016417	39.550936	21.40912	85.813201	16.75	68.677044
447056.343	24.664576	16.819845	-0.014457	39.538028	21.530921	85.810393	16.75	68.545534
447057.381	24.704444	16.82241	-0.008086	39.538997	21.402455	85.81069	16.75	68.518273
447058.062	24.672328	16.82588	-0.008412	39.515676	21.495382	85.81003	16.75	68.498702
447060.009	24.593695	16.809192	0.002475	39.556897	21.532402	85.806413	16.75	68.457342
447060.31	24.656454	16.807398	-0.000655	39.503979	21.309892	85.806395	16.75	68.453375
447062.515	24.694846	16.883774	-0.028175	39.533483	21.408984	85.80712	16.75	68.295356
447062.9	24.651286	16.878251	-0.025744	39.530224	21.40232	85.803317	16.75	68.284237
447064.43	24.582426	16.810441	-0.033605	39.511336	21.500194	85.805465	16.75	68.310769
447066.158	24.605878	16.770719	-0.038708	39.449683	21.453782	85.804005	16.75	68.325451
447066.884	24.657192	16.776603	-0.040841	39.492989	21.37233	85.811444	16.75	68.313684
447068.1921	24.651655	16.737535	-0.034843	39.461231	21.492655	85.810793	16.75	68.350015
447070.7352	24.702598	16.761843	-0.047472	39.466521	21.373811	85.811416	16.75	68.324727
447071.389	24.678604	16.764709	-0.042722	39.468551	21.415649	85.806097	16.75	68.319354
447072.964	24.736929	16.751499	-0.027244	39.450167	21.492285	85.801885	16.75	68.328249
447073.6181	24.571174	16.759286	-0.013302	39.432714	21.441059	85.80699	16.75	68.320058
447075.386	24.624337	16.768682	-0.015453	39.415466	21.517829	85.808728	16.75	68.30173
447075.7261	24.709243	16.792177	-0.019896	39.419489	21.420832	85.808375	16.75	68.274964
447079.1481	24.681733	16.700856	-0.033242	39.417832	21.356274	85.809575	16.75	68.395439
447079.502	24.728808	16.698693	-0.038103	39.411517	21.491039	85.811592	16.75	68.403467
447081.243	24.598494	16.707285	-0.053302	39.38693	21.448969	85.805595	16.75	68.420653
447082.055	24.778271	16.691904	-0.059672	39.39805	21.450685	85.809742	16.75	68.448621
447083.1591	24.654784	16.676188	-0.061796	39.432062	21.468456	85.806943	16.75	68.490656
447083.865	24.647963	16.682365	-0.065102	39.389929	21.375898	85.81467	16.75	68.502852
447085.1307	24.804478	16.705776	-0.096441	39.416006	21.430088	85.80858	16.75	68.501925
447163.9567	24.651303	12.335552	-0.068725	33.153961	21.478046	85.808924	12.25	47.961283
447164.5357	24.726065	12.322401	-0.085302	33.146454	21.38808	85.811053	12.25	47.959352
447164.983	24.773859	12.32515	-0.091803	33.141444	21.465089	85.808226	12.25	47.94606
447167.175	24.684896	12.302042	-0.099971	33.13146	21.368593	85.812792	12.25	47.92602
447168.8641	24.806341	12.313324	-0.086476	33.130752	21.423623	85.810876	12.25	47.879904
447169.602	24.733817	12.314933	-0.078243	33.139805	21.419316	85.805948	12.25	47.862505
447170.697	24.82056	12.29625	-0.075952	33.10177	21.431533	85.803903	12.25	47.862057
447172.299	24.732147	12.284297	-0.046559	33.114007	21.382157	85.808719	12.25	47.845509
447174.118	24.719596	12.281782	-0.019784	33.09579	21.401039	85.808719	12.25	47.833343
447174.93	24.728456	12.27185	-0.021488	33.080833	21.441159	85.805465	12.25	47.835622
447176.5511	24.785301	12.267994	-0.037898	33.067925	21.489523	85.804758	12.25	47.823981
447177.735	24.779395	12.262018	-0.048757	33.042258	21.407333	85.803419	12.25	47.823811
447179.465	24.753012	12.218256	-0.064012	33.053117	21.426585	85.806664	12.25	47.872244
447181.6481	24.74802	12.236026	-0.079286	33.027338	21.505207	85.805697	12.25	47.870871
447183.037	24.60811	12.245237	-0.080329	33.030915	21.412146	85.803679	12.25	47.864282
447183.4856	24.761677	12.245623	-0.086187	33.031175	21.362163	85.806274	12.25	47.864559
447185.367	24.733799	12.268296	-0.090397	33.07085	21.412146	85.802062	12.25	47.834744
447185.8101	24.682488	12.260383	-0.091133	33.071334	21.366976	85.802071	12.25	47.840862
447187.788	24.712389	12.250132	-0.079845	33.048479	21.410665	85.806367	12.25	47.847546
447190.1901	24.677689	12.259939	-0.091505	33.041587	21.383773	85.801448	12.25	47.831986
447190.4611	24.785284	12.262823	-0.087165	33.063753	21.383773	85.801448	12.25	47.828054
447192.544	24.776987	12.272562	-0.06499	33.080144	21.412281	85.798268	12.25	47.803791
447193.3611	24.662554	12.27242	-0.067998	33.088992	21.326248	85.80645	12.25	47.797919
447194.192	24.683596	12.278698	-0.079482	33.091413	21.486696	85.810821	12.25	47.784388
447195.979	24.761115	12.277533	-0.084082	33.076512	21.442505	85.804795	12.25	47.769826
447197.748	24.783439	12.270199	-0.088115	33.047585	21.487672	85.802517	12.25	47.764867
447198.2361	24.769236	12.270006	-0.093964	33.072954	21.362904	85.808375	12.25	47.761995
447199.9741	24.729353	12.258598	-0.068446	33.028847	21.428066	85.808282	12.25	47.767567
447200.3234	24.728438	12.266628	-0.064152	33.040004	21.458425	85.805279	12.25	47.761903
447202.658	24.729915	12.24253	-0.074145	33.048796	21.52136	85.808812	12.25	47.771196
447203.672	24.707943	12.221382	-0.077666	33.019962	21.334024	85.812262	12.25	47.799474
447204.54	24.728438	12.230829	-0.084082	33.048293	21.460881	85.807287	12.25	47.795984
447206.914	24.630613	12.262295	-0.100083	33.018696	21.428301	85.805595	12.25	47.761104
447207.2	24.661236	12.266335	-0.098043	33.03341	21.396461	85.805325	12.25	47.755697
447208.961	24.749286	12.25921	-0.091431	33.010407	21.467175	85.799263	12.25	47.754761
447211.038	24.8722	12.257693	-0.098564	33.044251	21.476665	85.803568	12.25	47.751958
447211.3266	24.679149	12.259352	-0.098695	33.00819	21.514932	85.801541	12.25	47.749618
447213.576	24.63928	12.229764	-0.080795	33.028568	21.466535	85.803726	12.25	47.782623
447214.8553	24.754999	12.220595	-0.078318	33.003291	21.497162	85.799923	12.25	47.803604
447215.9324	24.667705	12.215029	-0.077293	33.038477	21.338332	85.799923	12.25	47.820549
447216.2151	24.727331	12.198466	-0.077451	33.036093	21.309821	85.80222	12.25	47.84113
447217.9963	24.743011	12.196513	-0.084343	33.02758	21.479627	85.799923	12.25	47.881415
447220.4731	24.611399	12.212506	-0.116986	33.04304	21.45839	85.802517	12.25	47.900743
447220.7883	24.666967	12.232279	-0.113419	33.002323	21.332273	85.807436	12.25	47.883951
447222.43	24.74614	12.225649	-0.116856	33.056377	21.391748	85.806004	12.25	47.900763
447224.1551	24.721039	12.228432	-0.102271	33.041122	21.408544	85.800778	12.25	47.906966
447224.7248	24.638541	12.23916	-0.099514	33.064312	21.45839	85.802406	12.25	47.899787
447225.474	24.831968	12.21787	-0.096115	33.061071	21.401004	85.800276	12.25	47.926245
447226.7012	24.64647	12.21269	-0.094243	33.019608	21.380776	85.805028	12.25	47.945102
447229.0461	24.769764	12.230175	-0.086616	33.038309	21.429512	85.801522	12.25	47.95352
447230.0624	24.731744	12.251557	-0.088972	33.063753	21.330657	85.799579	12.25	47.934684
447230.384	24.840441	12.256436	-0.09049	33.07003	21.373606	85.805781	12.25	47.929335
447231.539	24.713287	12.219782	-0.098583	33.062728	21.305108	85.799095	12.25	47.973101
447235.4964	24.747793	12.256016	-0.115393	33.083758	21.336951	85.80791	12.25	47.944457
447236.518	24.678763	12.25325	-0.112003	33.070049	21.367547	85.807566	12.25	47.94412
447237.357	24.740024	12.257458	-0.108604	33.110654	21.461352	85.804795	12.25	47.940621
447238.8749	24.749815	12.261808	-0.118355	33.071073	21.422108	85.809389	12.25	47.931326
447239.168	24.778976	12.246017	-0.112516	33.11438	21.422108	85.809389	12.25	47.946991
447241.7617	24.780452	12.236596	-0.090062	33.069192	21.519575	85.801262	12.25	47.973593
447242.4601	24.862939	12.26045	-0.103873	33.063399	21.458625	85.805242	12.25	47.949715
447244.1181	24.823076	12.268824	-0.110998	33.100428	21.510085	85.805149	12.25	47.932754
447244.404	24.731182	12.267273	-0.109424	33.052875	21.518364	85.806441	12.25	47.932498
447247	24.733766	12.232363	-0.094243	33.092009	21.415443	85.8038	12.25	47.969634
447247.7801	24.744647	12.254826	-0.094569	33.097206	21.510085	85.803112	12.25	47.947065
447249.462	24.885101	12.264415	-0.088059	33.064684	21.4664	85.805548	12.25	47.939545
447249.7512	24.778976	12.268187	-0.096562	33.10203	21.418641	85.796324	12.25	47.934337
447251.7011	24.677639	12.234894	-0.12263	33.0745	21.425305	85.806171	12.25	47.97258
447252.624	24.728774	12.25771	-0.129382	33.088228	21.391378	85.806887	12.25	47.949489
447254.0431	24.724151	12.272948	-0.133973	33.098286	21.553263	85.807882	12.25	47.927244
447254.8061	24.762718	12.252806	-0.12357	33.074519	21.543773	85.80328	12.25	47.942507
447256.1451	24.763825	12.272261	-0.122993	33.081709	21.416655	85.809128	12.25	47.915017
447258.1357	24.764387	12.265924	-0.103324	33.091972	21.44146	85.803094	12.25	47.922146
447260.283	24.698857	12.264331	-0.095305	33.070365	21.410361	85.797078	12.25	47.908833
447260.5604	24.757566	12.266502	-0.09116	33.104303	21.343716	85.799663	12.25	47.904975
447262.8934	24.76291	12.230737	-0.074816	33.058891	21.450345	85.800704	12.25	47.943948
447263.3541	24.838948	12.255488	-0.076148	33.074519	21.453812	85.795999	12.25	47.920483
447264.1391	24.645329	12.267734	-0.085517	33.061723	21.392959	85.804135	12.25	47.905119
447265.5581	24.758112	12.267282	-0.105875	33.05783	21.452197	85.800202	12.25	47.896377
447268.641	24.747952	12.256276	-0.117685	33.08685	21.429243	85.805149	12.25	47.900446
447269.1181	24.709562	12.245858	-0.115235	33.083702	21.513282	85.802526	12.25	47.910257
447271.955	24.746476	12.277776	-0.054038	33.077257	21.388011	85.798063	12.25	47.873337
447272.2066	24.745369	12.281036	-0.057949	33.082305	21.402586	85.797524	12.25	47.867464
447274.263	24.746476	12.273099	-0.045963	33.079921	21.413558	85.802192	12.25	47.849991
447274.854	24.723959	12.276326	-0.049307	33.087427	21.418876	85.798891	12.25	47.841792
447276.5591	24.885437	12.287214	-0.068157	33.053043	21.418876	85.801559	12.25	47.808756
447276.932	24.755335	12.278497	-0.069414	33.032647	21.4491	85.801597	12.25	47.813533
447279.3291	24.747214	12.275831	-0.105419	33.056302	21.411707	85.80685	12.25	47.784039
447279.705	24.823991	12.293861	-0.110048	33.082081	21.366302	85.803865	12.25	47.761963
447280.534	24.770646	12.282671	-0.102299	33.053881	21.455024	85.800871	12.25	47.760286
447282.947	24.772315	12.281187	-0.107924	33.063827	21.494031	85.803763	12.25	47.733553
447283.547	24.790402	12.290852	-0.120246	33.05796	21.437993	85.803242	12.25	47.717067
447286.366	24.69202	12.236126	-0.124018	33.031306	21.327054	85.804526	12.25	47.753538
447286.7211	24.820845	12.23129	-0.128637	33.026854	21.509815	85.804302	12.25	47.76036
447288.667	24.854803	12.255497	-0.111072	33.033299	21.48242	85.806413	12.25	47.741648
447290.647	24.718036	12.251214	-0.105056	33.003962	21.53721	85.797199	12.25	47.744027
447290.9951	24.82712	12.255681	-0.100278	32.97876	21.53721	85.797199	12.25	47.739174
447293.0321	24.766216	12.233142	-0.092883	32.987384	21.471448	85.801392	12.25	47.76517
447294.4239	24.767869	12.235322	-0.079072	32.960432	21.405548	85.802833	12.25	47.763351
447295.834	24.781896	12.24279	-0.078569	32.975631	21.437758	85.801903	12.25	47.758069
447296.4357	24.767869	12.233025	-0.082397	32.974122	21.380001	85.802517	12.25	47.770116
447959.8387	24.915777	9.924096	-0.124902	29.020025	21.430925	85.785371	10	40.330775
447960.4541	24.753193	9.90651	-0.122788	29.015592	21.389963	85.79121	10	40.364622
447961.988	24.787331	9.903853	-0.123375	28.985417	21.494233	85.794958	10	40.414179
447962.526	24.82941	9.907885	-0.135156	28.981133	21.480804	85.789016	10	40.427654
447964.393	24.883857	9.912042	-0.138891	29.028407	21.450682	85.790671	10	40.483618
447964.679	24.88219	9.920801	-0.137587	29.014381	21.542258	85.786942	10	40.483082
447966.318	24.798405	9.920181	-0.134262	29.021999	21.445869	85.789658	10	40.52449
447968.7234	24.745441	9.905437	-0.165294	29.073613	21.471414	85.78075	10	40.599918
447969.784	24.789177	9.92407	-0.165182	29.079536	21.43106	85.784683	10	40.61043
447970.03	24.8128	9.936618	-0.171487	29.10023	21.386497	85.780099	10	40.603987
447971.914	24.823873	9.937389	-0.172167	29.136589	21.39343	85.78671	10	40.645892
447972.8011	24.722734	9.923215	-0.169308	29.125283	21.416991	85.783632	10	40.680897
447975.529	24.702062	9.910643	-0.15314	29.160506	21.437724	85.78181	10	40.783511
447975.9752	24.819444	9.905513	-0.150476	29.161586	21.386261	85.784534	10	40.802515
447978.363	24.757063	9.970121	-0.154705	29.216385	21.475857	85.786422	10	40.778051
447979.25	24.712946	9.973406	-0.147943	29.195691	21.521157	85.784339	10	40.783995
447980.8	24.824421	10.004436	-0.154882	29.23164	21.48252	85.786766	10	40.758804
447982.723	24.910979	10.003816	-0.183194	29.221246	21.442537	85.784618	10	40.758053
447983.41	24.725687	10.001427	-0.193671	29.220278	21.411942	85.785845	10	40.761615
447985.355	24.829219	10.010211	-0.212875	29.233503	21.492516	85.789602	10	40.746627
447985.687	24.81261	10.032105	-0.217662	29.239221	21.501771	85.790615	10	40.722781
447988.2491	24.752074	9.9493	-0.172577	29.151304	21.375389	85.782777	10	40.809943
447989.118	24.831065	9.92941	-0.172223	29.121446	21.436243	85.783046	10	40.849145
447990.47	24.900454	9.881239	-0.154975	29.093208	21.543469	85.78618	10	40.942559
447990.761	24.806513	9.880904	-0.153932	29.115821	21.543469	85.78618	10	40.954271
447992.412	24.80006	9.874366	-0.150532	29.039154	21.408475	85.785418	10	41.032084
447994.3931	24.88219	9.951647	-0.190877	29.012723	21.469933	85.783418	10	41.014104
447994.653	24.853401	9.955234	-0.195133	29.05793	21.551378	85.791657	10	41.014529
447996.7075	24.779389	9.971948	-0.227329	29.078978	21.540508	85.789853	10	41.017873
447998.524	24.868344	9.968268	-0.199054	29.118838	21.442907	85.785008	10	41.053219
447999.106	24.86982	9.969769	-0.197313	29.083616	21.455495	85.793563	10	41.050271
448000.763	24.93754	9.946408	-0.181424	29.137539	21.415375	85.790829	10	41.096043
448001.081	24.831434	9.952309	-0.186118	29.101888	21.409081	85.783149	10	41.095196
448002.8101	24.784367	9.959928	-0.181005	29.114442	21.466231	85.788347	10	41.112464
448004.206	24.895835	9.986943	-0.192339	29.125283	21.386497	85.785362	10	41.097093
448004.756	24.914658	9.987161	-0.183464	29.111145	21.432776	85.789462	10	41.099693
448006.292	24.942159	10.007747	-0.185531	29.161474	21.455865	85.785464	10	41.081532
448008.514	24.946588	9.985384	-0.178165	29.146014	21.476092	85.78671	10	41.110942
448009.2297	24.92148	9.972987	-0.175585	29.136738	21.379462	85.791136	10	41.128899
448010.632	24.881071	9.965175	-0.178071	29.131374	21.347991	85.779067	10	41.153008
448011.871	24.705194	9.980933	-0.179711	29.118838	21.524589	85.778918	10	41.149025
448013.298	24.782342	9.961286	-0.179357	29.149609	21.49053	85.782656	10	41.182345
448013.5724	24.858188	9.973398	-0.180847	29.156128	21.460408	85.783502	10	41.173349
448016.045	24.879976	9.97484	-0.231548	29.156687	21.50682	85.785604	10	41.18457
448017.2971	24.8855	9.993498	-0.239613	29.176785	21.383535	85.789518	10	41.171012
448017.5811	24.843245	9.984521	-0.230244	29.129213	21.383535	85.789518	10	41.181149
448019.668	24.901014	9.989868	-0.197406	29.174494	21.48077	85.792215	10	41.179772
448021.188	24.884214	9.960473	-0.196735	29.174513	21.49743	85.785697	10	41.212893
448021.47	24.87369	9.92682	-0.197992	29.141618	21.500392	85.784506	10	41.252157
448022.1954	24.944005	9.855054	-0.183017	29.127872	21.498541	85.784023	10	41.350383
448024.7501	24.937183	9.948789	-0.19708	29.01127	21.536907	85.779904	10	41.352526
448026.1144	24.954707	10.033907	-0.227385	29.083299	21.500257	85.783279	10	41.258215
448026.3862	24.919467	10.00255	-0.230291	29.075345	21.45398	85.784813	10	41.288071
448028.3252	24.856902	9.88403	-0.196251	29.05264	21.545556	85.787156	10	41.449655
448028.6797	24.963374	9.88004	-0.200675	29.074116	21.474847	85.785325	10	41.467937
448031.0469	24.891227	9.892412	-0.213313	28.975675	21.512844	85.777997	10	41.544587
448031.3241	24.963374	9.902562	-0.206235	28.981151	21.435839	85.784218	10	41.545968
448033.23	24.997149	9.956232	-0.232116	28.947978	21.492247	85.7822	10	41.541223
448033.501	25.002875	9.952502	-0.234975	28.950548	21.485684	85.780257	10	41.548951
448036.295	24.854139	9.955754	-0.199576	28.994376	21.376601	85.781438	10	41.585774
448036.5681	24.921682	9.956215	-0.196307	28.987652	21.376601	85.781438	10	41.589545
448038.462	24.969481	9.945679	-0.208768	29.02185	21.440888	85.788272	10	41.626112
448038.7321	24.998636	9.947733	-0.201327	28.977799	21.519508	85.786096	10	41.628643
448039.4749	24.880904	9.98214	-0.197396	29.030064	21.404369	85.781875	10	41.603637
448042.201	24.905073	10.113828	-0.22529	29.174159	21.423117	85.78525	10	41.38486
448042.518	24.879059	10.104306	-0.224014	29.170415	21.485684	85.783158	10	41.383032
448045.435	24.902121	10.054694	-0.182011	29.209046	21.457043	85.781773	10	41.349692
448046.3202	24.736023	10.039682	-0.177783	29.205321	21.418304	85.792317	10	41.352216
448046.8111	24.990148	10.030445	-0.173769	29.228436	21.44385	85.79135	10	41.356206
448051.19	24.880904	10.030353	-0.197974	29.162294	21.394979	85.785873	10	41.31073
448051.439	24.811883	10.022658	-0.201634	29.204054	21.396696	85.783753	10	41.316446
448053.1866	25.027053	10.006791	-0.178584	29.174475	21.454956	85.781094	10	41.326248
448056.1	24.890513	10.000379	-0.146528	29.13793	21.414972	85.778527	10	41.322251
448056.57	24.859688	10.002357	-0.144516	29.188762	21.441258	85.782842	10	41.319992
448058.5265	24.934242	10.009021	-0.148586	29.180734	21.54357	85.785018	10	41.309446
448058.996	24.90343	10.00856	-0.149359	29.166913	21.504935	85.786329	10	41.306142
448061.684	24.957684	9.989424	-0.178668	29.172929	21.525902	85.786236	10	41.322344
448062.25	24.898811	10.003397	-0.177736	29.157581	21.440753	85.786589	10	41.309267
448064.093	24.913026	9.999038	-0.180605	29.156091	21.424463	85.784413	10	41.308281
448064.619	24.827945	10.011116	-0.175147	29.155365	21.387574	85.785827	10	41.294863
448066.634	24.956398	10.012525	-0.173881	29.122992	21.430017	85.783353	10	41.286249
448066.937	24.892537	10.014209	-0.171813	29.167695	21.490363	85.788625	10	41.28333
448068.464	24.882762	9.899796	-0.154304	29.105874	21.436075	85.785622	10	41.416551
448070.463	24.885893	9.896175	-0.156847	29.042935	21.492718	85.783995	10	41.486138
448070.9524	24.905097	9.8961	-0.149564	29.025166	21.455192	85.786236	10	41.503193
448072.948	24.852496	9.909226	-0.159361	28.958856	21.614377	85.786543	10	41.558949
448074.081	25.027077	9.911967	-0.165517	29.001156	21.411875	85.78552	10	41.589407
448074.984	24.957136	9.946685	-0.177708	28.994339	21.429041	85.78843	10	41.578117
448076.8832	24.88406	9.941186	-0.205797	29.030698	21.402619	85.782293	10	41.610111
448077.217	24.912669	9.934129	-0.19586	29.060277	21.522941	85.785297	10	41.62417
448079.0271	24.974125	9.953466	-0.179478	29.053944	21.614511	85.782684	10	41.635862
448079.5781	24.902335	9.954606	-0.17186	29.076687	21.50332	85.778444	10	41.642655
448082.463	24.890525	10.033605	-0.197341	29.099336	21.43446	85.787612	10	41.570158
448083.0303	24.8562	10.032021	-0.198207	29.112542	21.453711	85.78591	10	41.565385
448084.732	24.983899	10.040135	-0.210984	29.100957	21.470371	85.7879	10	41.533269
448085.076	25.043493	10.02405	-0.212735	29.144412	21.566253	85.783381	10	41.545598
448087.184	24.951053	9.951949	-0.176945	29.110754	21.527518	85.788328	10	41.608602
448087.534	24.979101	9.917013	-0.1625	29.091606	21.513315	85.782963	10	41.650906
448090.7161	24.895323	9.911632	-0.138742	28.923633	21.535763	85.778927	10	41.760891
448091.095	24.924111	9.93495	-0.136395	28.925887	21.537378	85.777375	10	41.747202
