449690.1827	25.582916	19.152923	11.984843	0.268979	21.535734	85.759113	19	60.449661
449690.776	25.702968	19.134139	11.980354	0.274102	21.581032	85.758173	19	60.440159
449692.907	25.539389	19.121994	11.918486	0.255941	21.472058	85.758211	19	60.36295
449694.183	25.587895	19.114928	11.901397	0.267713	21.444292	85.763771	19	60.320732
449694.463	25.536624	19.115808	11.885359	0.264118	21.489458	85.765324	19	60.308847
449695.8781	25.579595	19.112095	11.887389	0.269613	21.592372	85.763455	19	60.25866
449699.1921	25.574983	19.083311	11.926952	0.265925	21.55818	85.764887	19	60.201566
449700.786	25.710528	19.033112	11.922016	0.256258	21.415414	85.763994	19	60.210342
449701.0891	25.654837	19.017589	11.907953	0.257897	21.415414	85.763994	19	60.22353
449704.5049	25.712186	19.002535	11.870691	0.248956	21.544988	85.764041	19	60.205982
449704.783	25.571849	19.002585	11.876353	0.251377	21.551417	85.764041	19	60.205926
449707.446	25.705548	18.963802	11.873271	0.235973	21.471083	85.761753	19	60.260814
449708.68	25.63455	18.939344	11.873746	0.234744	21.469972	85.761456	19	60.301344
449708.9491	25.626621	18.932605	11.88047	0.229026	21.469972	85.761456	19	60.313853
449710.1971	25.640451	18.963727	11.863073	0.229845	21.487237	85.764217	19	60.303553
449711.866	25.684709	19.038351	11.792199	0.251061	21.558315	85.763771	19	60.239003
449713.4234	25.79166	19.012736	11.762797	0.253352	21.506993	85.75901	19	60.232971
449714.3507	25.641926	19.000909	11.744934	0.251713	21.474415	85.759289	19	60.255341
449715.7234	25.542891	18.957532	11.732306	0.270097	21.497603	85.759466	19	60.288445
449716.112	25.606335	18.960248	11.731076	0.262367	21.521061	85.762702	19	60.308897
449717.3713	25.77654	18.967582	11.75638	0.264621	21.508709	85.755765	19	60.31713
449719.604	25.745193	18.993432	11.804409	0.26788	21.423694	85.764264	19	60.271607
449720.0861	25.626988	19.03183	11.809196	0.269836	21.516248	85.765733	19	60.232346
449721.532	25.697433	19.007313	11.850462	0.258362	21.544013	85.757653	19	60.242378
449723.112	25.681021	19.029701	11.837275	0.249273	21.586955	85.760907	19	60.209404
449723.4011	25.650039	19.05167	11.839445	0.25609	21.51958	85.762339	19	60.183812
449725.2234	25.681574	19.122069	11.860996	0.260542	21.569556	85.762116	19	60.040744
449726.53	25.747958	19.076103	11.892158	0.270749	21.444427	85.762153	19	60.050932
449728.9371	25.667928	19.05954	11.879874	0.30288	21.509955	85.756611	19	60.019483
449729.222	25.700014	19.052877	11.883208	0.308076	21.445908	85.760545	19	60.020758
449731.378	25.718823	19.072817	11.893294	0.311746	21.532673	85.762116	19	59.965062
449731.891	25.726014	19.08518	11.882845	0.319178	21.508844	85.758657	19	59.939323
449734.8551	25.541047	19.137391	11.869657	0.356095	21.497133	85.763195	19	59.76977
449735.2551	25.819132	19.14786	11.870868	0.351681	21.436282	85.762878	19	59.740579
449736.948	25.60246	19.164876	11.875813	0.359392	21.495517	85.759122	19	59.637197
449738.0521	25.687475	19.171816	11.874053	0.348421	21.559931	85.756435	19	59.566682
449738.645	25.750354	19.158195	11.870961	0.349557	21.52944	85.758657	19	59.546356
449740.4272	25.672537	19.114526	11.877247	0.363509	21.468491	85.762386	19	59.499515
449742.31	25.798296	19.100385	11.90515	0.365222	21.44887	85.758285	19	59.444686
449743.494	25.630122	19.079464	11.898379	0.367439	21.523282	85.760535	19	59.42993
449743.777	25.618689	19.078886	11.897187	0.357604	21.523282	85.760535	19	59.423048
449746.041	25.823741	19.003474	11.876828	0.370009	21.506858	85.761707	19	59.464824
449746.316	25.674381	19.000029	11.872647	0.364589	21.509955	85.757671	19	59.468222
449748.4871	25.827429	19.0541	11.779375	0.345478	21.505512	85.763594	19	59.392572
449748.829	25.817103	19.047613	11.784283	0.331955	21.505512	85.763594	19	59.393001
449750.758	25.579222	19.038166	11.783966	0.327913	21.455769	85.760916	19	59.369757
449752.2581	25.77912	18.957348	11.787142	0.308635	21.497973	85.763009	19	59.455257
449752.7	25.663502	18.947122	11.788008	0.306642	21.477611	85.761679	19	59.472632
449754.5971	25.634733	18.971497	11.75299	0.277156	21.559426	85.765603	19	59.477083
449755.163	25.834989	18.953509	11.741321	0.274064	21.54721	85.75902	19	59.502159
449756.825	25.825216	18.917408	11.731598	0.270898	21.58682	85.763548	19	59.5687
449757.944	25.8077	18.908406	11.741321	0.270153	21.477611	85.75676	19	59.608975
449758.221	25.897677	18.912748	11.735416	0.276002	21.517964	85.762609	19	59.612984
449760.5241	25.63252	18.928908	11.690377	0.254544	21.568175	85.763641	19	59.643988
449761.131	25.817288	18.941171	11.684529	0.252402	21.579416	85.759196	19	59.647029
449762.637	25.868731	18.985117	11.671388	0.270749	21.585339	85.757439	19	59.622387
449763.051	25.743533	18.989333	11.665893	0.262553	21.540546	85.756704	19	59.619774
449765.013	25.794056	19.000825	11.695025	0.250651	21.569791	85.765138	19	59.615322
449767.1361	25.865043	18.954255	11.679611	0.232881	21.590151	85.765194	19	59.687606
449767.9271	25.772852	18.953476	11.649483	0.233086	21.542397	85.765845	19	59.700428
449768.308	25.721405	18.955663	11.647136	0.233328	21.542397	85.765845	19	59.703677
449770.858	25.883112	18.929713	11.607769	0.219135	21.532637	85.764124	19	59.787523
449771.376	25.798298	18.945764	11.596854	0.227256	21.584228	85.764933	19	59.781645
449773.867	25.871864	18.984187	11.612528	0.214907	21.583588	85.764971	19	59.773599
449774.337	25.777092	18.974841	11.620687	0.226623	21.541892	85.768746	19	59.786079
449775.2519	25.906711	18.953727	11.655769	0.237277	21.488953	85.769545	19	59.821538
449777.894	25.799773	18.954121	11.671127	0.232248	21.636522	85.769824	19	59.856023
449778.461	25.700568	18.970675	11.67814	0.232732	21.545088	85.768783	19	59.846687
449780.445	25.774512	18.936402	11.71244	0.219675	21.487472	85.76538	19	59.912651
449781.125	25.777646	18.933929	11.71027	0.21392	21.473404	85.76617	19	59.930452
449783.1581	25.791476	18.913955	11.726727	0.207028	21.515102	85.761846	19	59.999507
449783.671	25.722882	18.903042	11.721418	0.197491	21.469702	85.761846	19	60.025958
449785.315	25.788342	18.944675	11.714042	0.2055	21.513251	85.763055	19	60.029415
449785.873	25.79203	18.938455	11.717796	0.196895	21.530651	85.763371	19	60.045179
449787.6203	25.778754	18.954825	11.723533	0.191065	21.618014	85.760684	19	60.059562
449789.215	25.756811	18.968814	11.726168	0.201682	21.547074	85.762655	19	60.070551
449789.49	25.796824	18.970457	11.731812	0.201831	21.551887	85.762525	19	60.071798
449791.617	25.723436	18.973324	11.752394	0.213398	21.506587	85.763278	19	60.089827
449793.4521	25.812313	18.96827	11.774113	0.236756	21.56804	85.767044	19	60.108344
449793.7234	25.695959	18.957683	11.774057	0.232024	21.56804	85.767044	19	60.117121
449794.46	25.802541	18.953777	11.777195	0.239829	21.526208	85.762376	19	60.136868
449796.602	25.632707	18.923887	11.746788	0.253408	21.49363	85.768708	19	60.210095
449797.0501	25.644879	18.935195	11.755561	0.248807	21.553603	85.766179	19	60.208869
449798.865	25.904501	18.942856	11.779589	0.266632	21.584328	85.76856	19	60.240609
449800.5574	25.799406	18.973617	11.783798	0.265627	21.532366	85.76551	19	60.236124
449802.5761	25.757181	18.995704	11.758085	0.2763	21.582107	85.767676	19	60.2293
449803.1801	25.732656	19.011135	11.772799	0.284179	21.612831	85.770401	19	60.213024
449805.781	25.792584	19.079456	11.789303	0.301725	21.554578	85.767462	19	60.11642
449806.3481	25.71477	19.095004	11.789116	0.312863	21.556799	85.769638	19	60.083565
449808.1691	25.743536	19.10295	11.767342	0.324877	21.661928	85.76524	19	60.004745
449809.2789	25.670882	19.084787	11.791938	0.327876	21.508303	85.767853	19	59.991528
449809.687	25.669223	19.095406	11.783854	0.32905	21.574198	85.76763	19	59.968326
449810.9201	25.81176	19.128272	11.787961	0.328193	21.537549	85.765194	19	59.885533
449813.098	25.727494	19.146678	11.798755	0.335513	21.500159	85.764487	19	59.778188
449813.7073	25.671988	19.146444	11.802676	0.334153	21.575679	85.764487	19	59.749113
449814.9371	25.727678	19.151439	11.818658	0.326237	21.488817	85.763725	19	59.685094
449816.487	25.82854	19.159947	11.850798	0.351997	21.58877	85.758964	19	59.593592
449818.599	25.756075	19.161892	11.840609	0.332328	21.540511	85.760768	19	59.482645
449819.7551	25.810654	19.152797	11.848162	0.333259	21.583823	85.766347	19	59.432327
449820.29	25.811023	19.14719	11.860362	0.333129	21.522876	85.763278	19	59.411103
444752.6292	23.486311	24.920209	14.919031	0.23927	21.076541	85.845475	25	84.818573
444754.265	23.506637	24.89425	14.915156	0.244392	20.940987	85.842147	25	84.893681
444754.7203	23.440116	24.890042	14.921275	0.238618	21.081355	85.844546	25	84.914697
444756.9113	23.535634	24.909564	14.933718	0.23955	21.082595	85.841821	25	84.961638
444757.2	23.463202	24.93165	14.916181	0.24199	21.04519	85.842983	25	84.947185
444758.606	23.587368	24.925389	14.937722	0.253184	21.105427	85.844536	25	84.988832
444761.0234	23.57276	24.910519	14.982063	0.256481	21.100371	85.841552	25	85.077533
444761.3234	23.451918	24.896781	14.965122	0.265049	21.075317	85.843839	25	85.097558
444763.3	23.569607	24.931617	14.960661	0.244262	21.044706	85.84965	25	85.1168
444765.602	23.536152	24.984532	14.890141	0.243126	21.135439	85.847075	25	85.094723
444766.648	23.638337	24.951582	14.913936	0.25432	21.111368	85.846368	25	85.141251
444766.9101	23.487938	24.949621	14.911617	0.247484	21.111368	85.846368	25	85.147523
444768.164	23.479611	24.95957	14.916162	0.255084	21.159382	85.842937	25	85.161076
444771.214	23.595276	24.955656	14.955166	0.239028	20.963354	85.837312	25	85.200827
444772.192	23.568104	24.992302	14.959059	0.241151	21.016076	85.841645	25	85.171276
444774.429	23.598578	24.966561	15.024875	0.238376	21.057185	85.841003	25	85.205251
444774.708	23.582689	24.968279	15.024335	0.240816	21.150139	85.846786	25	85.206722
444777.112	23.586014	25.002175	15.024661	0.243424	21.032742	85.846954	25	85.190242
444777.685	23.61964	25.026416	15.018868	0.242288	21.030649	85.847437	25	85.163767
444780.918	23.680411	25.011806	14.99864	0.217403	21.107439	85.841431	25	85.165098
444781.191	23.663045	25.0006	14.978989	0.218669	21.063739	85.844611	25	85.17568
444783.969	23.579536	25.00702	14.956898	0.228281	21.08794	85.84343	25	85.166556
444784.256	23.619813	25.002796	14.978002	0.226716	21.126455	85.846015	25	85.170244
444787.072	23.741549	25.011077	14.973737	0.230478	21.054368	85.844927	25	85.173775
444787.557	23.739898	24.995847	14.950128	0.225021	21.095717	85.846703	25	85.188366
444789.466	23.619813	24.994338	14.992456	0.212094	21.164115	85.846675	25	85.190802
444789.8371	23.659696	24.985848	15.010412	0.216099	21.11301	85.847112	25	85.200482
444791.2291	23.687778	24.987415	15.04367	0.232993	21.059681	85.84343	25	85.205196
444793.3713	23.741722	25.037949	14.969043	0.216527	21.154857	85.849985	25	85.140477
444794.639	23.751155	25.034337	14.985471	0.209058	21.266318	85.844053	25	85.121056
444795.316	23.819677	25.051109	15.000652	0.216527	21.143877	85.843876	25	85.095097
444796.767	23.928461	25.112079	14.984298	0.218651	21.119805	85.836596	25	84.990046
444797.267	23.929962	25.118273	15.000326	0.222003	21.051792	85.842044	25	84.96461
444798.8371	23.781254	25.120494	14.989038	0.215801	21.10401	85.843672	25	84.900686
444799.3671	23.92718	25.10591	14.977406	0.216155	21.155486	85.846805	25	84.894407
444800.6664	23.881372	25.117603	15.005476	0.243163	21.109694	85.850478	25	84.840348
444802.9742	23.891543	25.108257	15.010962	0.261473	21.092659	85.839115	25	84.753708
444803.528	23.823002	25.116781	15.020917	0.264882	21.100066	85.837144	25	84.724542
444806.068	23.905927	25.209636	15.038957	0.295094	21.049087	85.839701	25	84.478482
444806.53	23.86603	25.184105	15.020182	0.317091	21.089455	85.840287	25	84.473761
444807.5651	23.804899	25.154592	15.053681	0.313199	21.165872	85.844053	25	84.444651
444809.38	23.845341	25.21319	15.08272	0.332123	21.159817	85.847884	25	84.279245
444811.4038	23.809702	25.175044	15.057593	0.348999	21.040328	85.845048	25	84.193168
444811.9446	23.794358	25.18698	15.037458	0.356002	21.067863	85.846238	25	84.148951
444813.069	23.868246	25.262014	15.025667	0.358647	21.108601	85.838037	25	83.990938
444815.469	23.808767	25.194381	15.028601	0.346149	21.087991	85.841738	25	83.868218
444815.749	23.875831	25.176301	15.008466	0.355984	21.181924	85.835796	25	83.868694
444817.809	23.896715	25.126923	14.970319	0.327206	21.062437	85.839962	25	83.811895
444819.104	23.885436	25.106002	14.949355	0.320649	21.226619	85.843207	25	83.780794
444819.594	23.921269	25.081728	14.928307	0.335345	21.247596	85.836614	25	83.790126
444821.1931	23.88083	25.025167	14.927031	0.317036	21.164908	85.838037	25	83.817881
444821.5874	23.847951	25.00837	14.925513	0.313068	21.149725	85.838037	25	83.832906
444824.7857	24.026004	24.946017	14.901801	0.312901	21.055789	85.840798	25	83.927818
444825.079	23.94363	24.936855	14.913787	0.299601	21.070233	85.842277	25	83.942714
444827.466	23.966337	24.865685	14.926491	0.278088	21.094305	85.838158	25	84.101228
444827.7513	23.886741	24.882096	14.894881	0.283303	21.154798	85.838446	25	84.097083
444829.128	23.972986	24.858342	14.874038	0.257189	21.121839	85.839608	25	84.180255
444829.611	24.011598	24.849466	14.867966	0.260076	21.177146	85.842147	25	84.213048
444831.2935	23.971877	24.860035	14.868004	0.248472	21.125172	85.842416	25	84.28647
444832.9761	24.024526	24.886866	14.82289	0.233664	21.097656	85.844229	25	84.317205
444833.275	23.945847	24.864721	14.854388	0.238879	21.114932	85.845661	25	84.351753
444834.903	24.035781	24.880336	14.884367	0.238544	21.121968	85.84396	25	84.405218
444835.674	24.012337	24.902607	14.894788	0.222562	21.188255	85.84793	25	84.409739
444837.213	23.963578	24.937878	14.878388	0.231205	21.143947	85.836782	25	84.417093
444837.617	24.004949	24.944961	14.874281	0.218613	21.197643	85.834336	25	84.418477
444839.7011	24.056835	24.908399	14.916795	0.226399	21.085194	85.834466	25	84.501316
444840.641	24.007166	24.913394	14.91687	0.203768	21.11321	85.840854	25	84.525028
444841.7798	24.047451	24.917393	14.882737	0.222749	21.132597	85.839859	25	84.550435
444844.016	24.092859	24.985236	14.860888	0.201384	21.161482	85.839432	25	84.515363
444844.3001	23.999605	24.996384	14.881433	0.210846	21.217398	85.839236	25	84.504916
444845.209	24.006427	25.000633	14.874355	0.201496	21.166296	85.841133	25	84.503985
444846.498	24.020094	24.991849	14.891687	0.205072	21.247151	85.841524	25	84.507834
444848.477	24.058508	25.008713	14.906635	0.234446	21.193458	85.847977	25	84.492729
444848.786	23.963578	25.01241	14.886649	0.238935	21.18383	85.847977	25	84.487852
444851.655	24.088254	25.112054	14.933047	0.275201	21.098416	85.85006	25	84.308248
444852.002	24.015292	25.125926	14.904511	0.268141	21.108785	85.851994	25	84.280528
444854.693	24.071633	25.06804	14.950481	0.286209	21.088416	85.846926	25	84.263987
444855.894	24.042084	25.088048	14.98603	0.297701	21.14841	85.846052	25	84.212103
444856.679	24.118713	25.099875	15.005998	0.315788	21.27185	85.845104	25	84.174557
444857.033	23.957298	25.108894	15.011073	0.321152	21.27185	85.845104	25	84.152948
444859.544	24.004014	25.130117	15.041285	0.325269	21.254206	85.844155	25	84.03861
444860.6704	23.99702	25.11088	15.071414	0.329608	21.210882	85.841431	25	84.011626
444861.7713	24.056858	25.142698	15.026552	0.329106	21.064604	85.848107	25	83.933644
444862.091	24.062202	25.150451	15.04597	0.324505	21.180276	85.848023	25	83.910098
444863.8071	24.011622	25.170375	14.969546	0.334563	21.273591	85.845968	25	83.796087
444864.235	23.958603	25.175455	14.986533	0.325045	21.118062	85.842686	25	83.765587
444867.4081	24.04206	25.1359	14.981858	0.35671	21.180276	85.8421	25	83.665922
444867.9691	23.989978	25.120042	14.964349	0.348067	21.145467	85.839432	25	83.658244
444870.548	23.97668	25.178782	14.978747	0.34477	21.282978	85.843541	25	83.484524
444871.14	24.005688	25.197247	14.965075	0.354512	21.175592	85.840808	25	83.429219
444872.9251	24.040779	25.179964	14.956451	0.34952	21.153243	85.840185	25	83.335428
444873.816	23.882111	25.168875	14.953126	0.351588	21.150781	85.840761	25	83.296029
444875.825	23.96023	25.115281	14.984195	0.344789	21.154985	85.847131	25	83.245444
444877.1034	23.952299	25.089968	14.997783	0.349222	21.166464	85.846061	25	83.237866
444878.4771	24.001971	24.982444	14.978011	0.331285	21.175352	85.83389	25	83.315274
444878.8844	24.014726	24.948028	14.977201	0.333241	21.208309	85.832132	25	83.35487
444881.6571	23.925506	24.889665	14.976978	0.326386	21.151652	85.83866	25	83.490039
444882.004	23.915901	24.899355	14.961257	0.316142	21.120304	85.843569	25	83.492655
444883.2551	23.91866	24.909312	14.969695	0.296193	21.121785	85.844146	25	83.521731
444885.3152	23.984586	24.818268	14.959916	0.26056	21.165854	85.84515	25	83.709241
444752.6292	23.486311	24.920209	14.919031	0.23927	21.076541	85.845475	25	84.818573
444754.265	23.506637	24.89425	14.915156	0.244392	20.940987	85.842147	25	84.893681
444754.7203	23.440116	24.890042	14.921275	0.238618	21.081355	85.844546	25	84.914697
444756.9113	23.535634	24.909564	14.933718	0.23955	21.082595	85.841821	25	84.961638
444757.2	23.463202	24.93165	14.916181	0.24199	21.04519	85.842983	25	84.947185
444758.606	23.587368	24.925389	14.937722	0.253184	21.105427	85.844536	25	84.988832
444761.0234	23.57276	24.910519	14.982063	0.256481	21.100371	85.841552	25	85.077533
444761.3234	23.451918	24.896781	14.965122	0.265049	21.075317	85.843839	25	85.097558
444763.3	23.569607	24.931617	14.960661	0.244262	21.044706	85.84965	25	85.1168
444765.602	23.536152	24.984532	14.890141	0.243126	21.135439	85.847075	25	85.094723
444766.648	23.638337	24.951582	14.913936	0.25432	21.111368	85.846368	25	85.141251
444766.9101	23.487938	24.949621	14.911617	0.247484	21.111368	85.846368	25	85.147523
444768.164	23.479611	24.95957	14.916162	0.255084	21.159382	85.842937	25	85.161076
444771.214	23.595276	24.955656	14.955166	0.239028	20.963354	85.837312	25	85.200827
444772.192	23.568104	24.992302	14.959059	0.241151	21.016076	85.841645	25	85.171276
444774.429	23.598578	24.966561	15.024875	0.238376	21.057185	85.841003	25	85.205251
444774.708	23.582689	24.968279	15.024335	0.240816	21.150139	85.846786	25	85.206722
444777.112	23.586014	25.002175	15.024661	0.243424	21.032742	85.846954	25	85.190242
444777.685	23.61964	25.026416	15.018868	0.242288	21.030649	85.847437	25	85.163767
444780.918	23.680411	25.011806	14.99864	0.217403	21.107439	85.841431	25	85.165098
444781.191	23.663045	25.0006	14.978989	0.218669	21.063739	85.844611	25	85.17568
444783.969	23.579536	25.00702	14.956898	0.228281	21.08794	85.84343	25	85.166556
444784.256	23.619813	25.002796	14.978002	0.226716	21.126455	85.846015	25	85.170244
444787.072	23.741549	25.011077	14.973737	0.230478	21.054368	85.844927	25	85.173775
444787.557	23.739898	24.995847	14.950128	0.225021	21.095717	85.846703	25	85.188366
444789.466	23.619813	24.994338	14.992456	0.212094	21.164115	85.846675	25	85.190802
444789.8371	23.659696	24.985848	15.010412	0.216099	21.11301	85.847112	25	85.200482
444791.2291	23.687778	24.987415	15.04367	0.232993	21.059681	85.84343	25	85.205196
444793.3713	23.741722	25.037949	14.969043	0.216527	21.154857	85.849985	25	85.140477
444794.639	23.751155	25.034337	14.985471	0.209058	21.266318	85.844053	25	85.121056
444795.316	23.819677	25.051109	15.000652	0.216527	21.143877	85.843876	25	85.095097
444796.767	23.928461	25.112079	14.984298	0.218651	21.119805	85.836596	25	84.990046
444797.267	23.929962	25.118273	15.000326	0.222003	21.051792	85.842044	25	84.96461
444798.8371	23.781254	25.120494	14.989038	0.215801	21.10401	85.843672	25	84.900686
444799.3671	23.92718	25.10591	14.977406	0.216155	21.155486	85.846805	25	84.894407
444800.6664	23.881372	25.117603	15.005476	0.243163	21.109694	85.850478	25	84.840348
444802.9742	23.891543	25.108257	15.010962	0.261473	21.092659	85.839115	25	84.753708
444803.528	23.823002	25.116781	15.020917	0.264882	21.100066	85.837144	25	84.724542
444806.068	23.905927	25.209636	15.038957	0.295094	21.049087	85.839701	25	84.478482
444806.53	23.86603	25.184105	15.020182	0.317091	21.089455	85.840287	25	84.473761
444807.5651	23.804899	25.154592	15.053681	0.313199	21.165872	85.844053	25	84.444651
444809.38	23.845341	25.21319	15.08272	0.332123	21.159817	85.847884	25	84.279245
444811.4038	23.809702	25.175044	15.057593	0.348999	21.040328	85.845048	25	84.193168
444811.9446	23.794358	25.18698	15.037458	0.356002	21.067863	85.846238	25	84.148951
444813.069	23.868246	25.262014	15.025667	0.358647	21.108601	85.838037	25	83.990938
444815.469	23.808767	25.194381	15.028601	0.346149	21.087991	85.841738	25	83.868218
444815.749	23.875831	25.176301	15.008466	0.355984	21.181924	85.835796	25	83.868694
444817.809	23.896715	25.126923	14.970319	0.327206	21.062437	85.839962	25	83.811895
444819.104	23.885436	25.106002	14.949355	0.320649	21.226619	85.843207	25	83.780794
444819.594	23.921269	25.081728	14.928307	0.335345	21.247596	85.836614	25	83.790126
444821.1931	23.88083	25.025167	14.927031	0.317036	21.164908	85.838037	25	83.817881
444821.5874	23.847951	25.00837	14.925513	0.313068	21.149725	85.838037	25	83.832906
444824.7857	24.026004	24.946017	14.901801	0.312901	21.055789	85.840798	25	83.927818
444825.079	23.94363	24.936855	14.913787	0.299601	21.070233	85.842277	25	83.942714
444827.466	23.966337	24.865685	14.926491	0.278088	21.094305	85.838158	25	84.101228
444827.7513	23.886741	24.882096	14.894881	0.283303	21.154798	85.838446	25	84.097083
444829.128	23.972986	24.858342	14.874038	0.257189	21.121839	85.839608	25	84.180255
444829.611	24.011598	24.849466	14.867966	0.260076	21.177146	85.842147	25	84.213048
444831.2935	23.971877	24.860035	14.868004	0.248472	21.125172	85.842416	25	84.28647
444832.9761	24.024526	24.886866	14.82289	0.233664	21.097656	85.844229	25	84.317205
444833.275	23.945847	24.864721	14.854388	0.238879	21.114932	85.845661	25	84.351753
444834.903	24.035781	24.880336	14.884367	0.238544	21.121968	85.84396	25	84.405218
444835.674	24.012337	24.902607	14.894788	0.222562	21.188255	85.84793	25	84.409739
444837.213	23.963578	24.937878	14.878388	0.231205	21.143947	85.836782	25	84.417093
444837.617	24.004949	24.944961	14.874281	0.218613	21.197643	85.834336	25	84.418477
444839.7011	24.056835	24.908399	14.916795	0.226399	21.085194	85.834466	25	84.501316
444840.641	24.007166	24.913394	14.91687	0.203768	21.11321	85.840854	25	84.525028
444841.7798	24.047451	24.917393	14.882737	0.222749	21.132597	85.839859	25	84.550435
444844.016	24.092859	24.985236	14.860888	0.201384	21.161482	85.839432	25	84.515363
444844.3001	23.999605	24.996384	14.881433	0.210846	21.217398	85.839236	25	84.504916
444845.209	24.006427	25.000633	14.874355	0.201496	21.166296	85.841133	25	84.503985
444846.498	24.020094	24.991849	14.891687	0.205072	21.247151	85.841524	25	84.507834
444848.477	24.058508	25.008713	14.906635	0.234446	21.193458	85.847977	25	84.492729
444848.786	23.963578	25.01241	14.886649	0.238935	21.18383	85.847977	25	84.487852
444851.655	24.088254	25.112054	14.933047	0.275201	21.098416	85.85006	25	84.308248
444852.002	24.015292	25.125926	14.904511	0.268141	21.108785	85.851994	25	84.280528
444854.693	24.071633	25.06804	14.950481	0.286209	21.088416	85.846926	25	84.263987
444855.894	24.042084	25.088048	14.98603	0.297701	21.14841	85.846052	25	84.212103
444856.679	24.118713	25.099875	15.005998	0.315788	21.27185	85.845104	25	84.174557
444857.033	23.957298	25.108894	15.011073	0.321152	21.27185	85.845104	25	84.152948
444859.544	24.004014	25.130117	15.041285	0.325269	21.254206	85.844155	25	84.03861
444860.6704	23.99702	25.11088	15.071414	0.329608	21.210882	85.841431	25	84.011626
444861.7713	24.056858	25.142698	15.026552	0.329106	21.064604	85.848107	25	83.933644
444862.091	24.062202	25.150451	15.04597	0.324505	21.180276	85.848023	25	83.910098
444863.8071	24.011622	25.170375	14.969546	0.334563	21.273591	85.845968	25	83.796087
444864.235	23.958603	25.175455	14.986533	0.325045	21.118062	85.842686	25	83.765587
444867.4081	24.04206	25.1359	14.981858	0.35671	21.180276	85.8421	25	83.665922
444867.9691	23.989978	25.120042	14.964349	0.348067	21.145467	85.839432	25	83.658244
444870.548	23.97668	25.178782	14.978747	0.34477	21.282978	85.843541	25	83.484524
444871.14	24.005688	25.197247	14.965075	0.354512	21.175592	85.840808	25	83.429219
444872.9251	24.040779	25.179964	14.956451	0.34952	21.153243	85.840185	25	83.335428
444873.816	23.882111	25.168875	14.953126	0.351588	21.150781	85.840761	25	83.296029
444875.825	23.96023	25.115281	14.984195	0.344789	21.154985	85.847131	25	83.245444
444877.1034	23.952299	25.089968	14.997783	0.349222	21.166464	85.846061	25	83.237866
444878.4771	24.001971	24.982444	14.978011	0.331285	21.175352	85.83389	25	83.315274
444878.8844	24.014726	24.948028	14.977201	0.333241	21.208309	85.832132	25	83.35487
444881.6571	23.925506	24.889665	14.976978	0.326386	21.151652	85.83866	25	83.490039
444882.004	23.915901	24.899355	14.961257	0.316142	21.120304	85.843569	25	83.492655
444883.2551	23.91866	24.909312	14.969695	0.296193	21.121785	85.844146	25	83.521731
444885.3152	23.984586	24.818268	14.959916	0.26056	21.165854	85.84515	25	83.709241
446661.283	24.506469	15.878868	11.20338	0.350321	21.409693	85.817553	16	51.000381
446662.261	24.443332	15.819365	11.234095	0.357101	21.483504	85.816706	16	51.112567
446664.184	24.464009	15.823296	11.156795	0.359951	21.447827	85.820045	16	51.231102
446664.615	24.528991	15.856253	11.129526	0.364906	21.451529	85.814382	16	51.22103
446666.498	24.546344	15.924499	10.994065	0.357511	21.456342	85.814298	16	51.218192
446666.77	24.613536	15.926972	10.969971	0.364254	21.491142	85.820286	16	51.222243
446669.6893	24.578274	15.938614	10.887959	0.34464	21.510393	85.812708	16	51.282088
446669.984	24.43945	15.943417	10.885445	0.349595	21.460784	85.815619	16	51.283317
446671.815	24.566091	15.972728	10.85541	0.344286	21.478185	85.818715	16	51.277317
446672.2592	24.508685	15.977213	10.845165	0.350731	21.424132	85.818436	16	51.276199
446674.69	24.498157	15.977079	10.844848	0.365558	21.445001	85.823355	16	51.289696
446675.111	24.591565	15.951883	10.845491	0.365464	21.437967	85.822397	16	51.320158
446677.687	24.457543	15.971396	10.850492	0.34898	21.428945	85.818492	16	51.329462
446678.363	24.574024	15.967649	10.843405	0.356542	21.391044	85.815795	16	51.34021
446679.6781	24.457354	15.99608	10.846804	0.351476	21.336617	85.817692	16	51.316287
446680.1211	24.556123	15.98142	10.853174	0.356002	21.417468	85.820733	16	51.332994
446682.8571	24.507937	15.978235	10.852876	0.358163	21.483231	85.812987	16	51.359973
446683.398	24.485045	15.974413	10.845705	0.33989	21.512107	85.807687	16	51.368371
446686.37	24.569404	15.991747	10.818017	0.347248	21.45264	85.813647	16	51.368812
446687.4435	24.447564	15.999525	10.816564	0.352128	21.475456	85.818492	16	51.36217
446687.7751	24.464738	16.0095	10.815959	0.352109	21.467175	85.812755	16	51.351692
446691.037	24.562759	16.00898	10.83709	0.349632	21.438161	85.810867	16	51.332652
446691.4961	24.543002	16.010263	10.84727	0.355555	21.407432	85.816139	16	51.329941
446692.2004	24.458461	16.009969	10.846907	0.346857	21.433719	85.813554	16	51.327567
446694.891	24.490395	15.993407	10.865505	0.3563	21.314128	85.817125	16	51.34812
446695.493	24.533772	15.985611	10.870991	0.343951	21.527012	85.818715	16	51.358688
446697.9093	24.509405	15.991906	10.875349	0.351737	21.459498	85.811546	16	51.358475
446698.525	24.430949	15.993348	10.879195	0.354065	21.457277	85.810746	16	51.357771
446700.1031	24.475995	15.990548	10.874436	0.347844	21.480094	85.815953	16	51.361901
446701.922	24.501471	15.986827	10.867004	0.369208	21.430484	85.818455	16	51.373969
446702.355	24.422267	15.974983	10.862702	0.355071	21.37754	85.820723	16	51.388542
446704.2783	24.491871	15.98764	10.841756	0.354289	21.4844	85.819515	16	51.383357
446705.6551	24.452364	15.976626	10.823577	0.35427	21.595088	85.819068	16	51.403973
446706.0171	24.498517	15.964355	10.809821	0.350153	21.50823	85.81812	16	51.41991
446708.6437	24.517716	15.954716	10.78244	0.361981	21.426782	85.817599	16	51.466435
446711.0171	24.559256	15.9549	10.819079	0.350656	21.432062	85.818343	16	51.502092
446711.292	24.45938	15.9564	10.825086	0.353432	21.470429	85.816846	16	51.504363
446713.6732	24.554826	16.009885	10.852047	0.361124	21.430211	85.817385	16	51.474666
446713.9452	24.565902	15.993348	10.847391	0.350824	21.466123	85.819031	16	51.49094
446715.906	24.453292	15.9836	10.867126	0.357716	21.476587	85.817153	16	51.503631
446717.872	24.504065	16.002819	10.833607	0.352612	21.334416	85.818538	16	51.484371
446718.1531	24.57089	15.988277	10.822571	0.345962	21.46511	85.821021	16	51.499262
446719.865	24.551512	16.00805	10.815838	0.342498	21.3844	85.818882	16	51.477767
446722.363	24.417116	15.999182	10.825346	0.354158	21.288132	85.818492	16	51.478203
446724.0081	24.54339	15.989962	10.809905	0.335513	21.38857	85.818362	16	51.492363
446724.482	24.646023	15.979442	10.822711	0.337692	21.428322	85.820147	16	51.505406
446725.5987	24.539698	15.988738	10.810529	0.326461	21.486681	85.814977	16	51.499049
446728.701	24.492629	15.934758	10.838152	0.329571	21.398061	85.816809	16	51.595323
446728.974	24.542652	15.936426	10.830422	0.315601	21.398061	85.816809	16	51.599961
446730.927	24.391269	15.933442	10.847232	0.33067	21.518012	85.815358	16	51.630034
446731.467	24.60283	15.952444	10.854245	0.325716	21.508387	85.817078	16	51.620191
446733.5484	24.499454	15.972971	10.821016	0.30586	21.479881	85.815349	16	51.618538
446736.018	24.479147	15.950818	10.811833	0.284477	21.404355	85.817125	16	51.683499
446736.28	24.578643	15.965176	10.813705	0.285035	21.357704	85.816679	16	51.672866
446738.78	24.512926	16.231067	10.68765	0.254544	21.376821	85.818055	16	51.330189
446739.181	24.594708	16.246615	10.676866	0.247727	21.474932	85.821607	16	51.282337
446740.8841	24.498347	16.174791	10.743427	0.266018	21.43865	85.819291	16	51.230361
446744.067	24.567568	16.137014	10.87629	0.2489	21.414079	85.815423	16	51.106776
446744.347	24.641962	16.137911	10.870134	0.257114	21.382238	85.814466	16	51.092875
446745.773	24.640485	16.137843	10.883088	0.252141	21.41593	85.812708	16	51.027701
446746.964	24.606152	16.106688	10.871335	0.240891	21.500205	85.815563	16	51.009082
446747.3304	24.601173	16.082565	10.871652	0.239419	21.569567	85.816176	16	51.021033
446749.1348	24.66504	16.078902	10.856536	0.234018	21.452583	85.81056	16	50.981817
446751.2323	24.633471	16.065089	10.829724	0.231373	21.480954	85.812485	16	50.946023
446753.0202	24.651011	16.036682	10.819563	0.226064	21.413943	85.815646	16	50.949116
446753.486	24.538969	16.022844	10.825402	0.216565	21.467022	85.815609	16	50.959055
446754.7087	24.555583	16.032659	10.838515	0.218483	21.459111	85.818845	16	50.937206
446758.014	24.652498	16.010422	10.888835	0.224015	21.522787	85.814912	16	50.941894
446758.287	24.468828	16.010271	10.898893	0.216211	21.522787	85.814912	16	50.94117
446759.221	24.596204	16.039976	10.885845	0.221463	21.418756	85.82382	16	50.903395
446761.044	24.562608	15.990414	10.868346	0.215726	21.463924	85.81361	16	50.944862
446762.527	24.647709	15.966442	10.840927	0.215223	21.446153	85.821495	16	50.978631
446762.805	24.50114	15.960717	10.834771	0.217514	21.446153	85.821495	16	50.987576
446765.368	24.562428	15.966115	10.790161	0.221016	21.523392	85.819068	16	51.013147
446766.2431	24.646232	15.951757	10.801393	0.203396	21.513026	85.820677	16	51.040007
446767.8831	24.467362	15.956694	10.829444	0.217365	21.359888	85.818492	16	51.067263
446768.3401	24.557629	15.984379	10.826715	0.225915	21.382103	85.819598	16	51.043698
446770.357	24.557998	15.96904	10.868541	0.238711	21.475401	85.814726	16	51.07131
446771.937	24.460157	15.924683	10.860932	0.245044	21.470452	85.816269	16	51.145032
446772.4141	24.565392	15.910853	10.861174	0.251042	21.436021	85.818222	16	51.17208
446773.8164	24.541394	15.993859	10.852988	0.259983	21.404317	85.813833	16	51.113179
446774.8381	24.587543	16.039113	10.867759	0.280677	21.492665	85.817302	16	51.058507
446776.6985	24.474567	16.093998	10.868513	0.305487	21.529315	85.816753	16	50.968682
446777.1591	24.531795	16.100276	10.859954	0.31372	21.458975	85.815135	16	50.947551
446779.3891	24.491551	16.17293	10.883237	0.333054	21.470082	85.812085	16	50.777841
446779.673	24.613945	16.183399	10.905105	0.338773	21.375167	85.811146	16	50.750622
446782.5521	24.433592	16.132337	10.989315	0.361981	21.385669	85.816065	16	50.653441
446782.916	24.581647	16.128204	11.011369	0.366098	21.385669	85.816065	16	50.641942
446786.1594	24.543999	16.08922	10.987983	0.349911	21.426901	85.812792	16	50.581283
446786.6861	24.621529	16.074367	11.001543	0.34302	21.481558	85.818148	16	50.581613
446788.8531	24.534411	16.020799	10.975485	0.322754	21.493911	85.819282	16	50.60606
446789.786	24.532923	16.012785	10.957427	0.310572	21.384929	85.812346	16	50.609124
446790.329	24.62984	16.001705	10.942153	0.300626	21.41862	85.818482	16	50.618795
446792.6149	24.620801	15.946066	10.897598	0.252383	21.366182	85.812792	16	50.700415
446792.959	24.523335	15.95625	10.884774	0.252607	21.412326	85.810597	16	50.695954
446793.6294	24.563398	15.955814	10.877091	0.249217	21.37123	85.810969	16	50.706327
446796.5514	24.59073	15.911423	10.784182	0.225095	21.431714	85.812438	16	50.804002
446798.017	24.51689	15.934817	10.766431	0.221892	21.404687	85.813015	16	50.819472
446799.567	24.579475	15.952855	10.766608	0.226939	21.465269	85.815572	16	50.827314
446799.9201	24.584453	15.955319	10.782189	0.212951	21.543888	85.81428	16	50.830191
447702.4146	24.850358	13.070184	9.285358	0.321841	21.466234	85.797078	13	43.134782
447703.8811	24.782989	13.055793	9.307114	0.335681	21.371824	85.79493	13	43.117945
447704.558	24.976582	13.044519	9.292371	0.362838	21.295314	85.794567	13	43.119037
447706.134	24.813995	13.027822	9.296236	0.356021	21.309755	85.794437	13	43.111061
447706.599	24.825437	13.025986	9.306648	0.359485	21.25842	85.791582	13	43.109334
447708.243	24.886707	13.057586	9.303854	0.350153	21.333452	85.793386	13	43.050301
447708.666	24.884861	13.057117	9.29713	0.350209	21.381719	85.790866	13	43.042794
447710.0992	24.806613	13.000254	9.290471	0.360864	21.30521	85.793312	13	43.084713
447711.902	24.832081	12.955503	9.276715	0.342926	21.282623	85.789183	13	43.142026
447713.787	24.735372	12.927985	9.211169	0.318433	21.392724	85.790383	13	43.209113
447714.718	24.886898	12.920098	9.203392	0.315154	21.299892	85.788588	13	43.240133
447716.5594	24.819354	12.894625	9.16979	0.301408	21.330758	85.79029	13	43.32929
447717.425	24.853858	12.954036	9.157795	0.28321	21.336817	85.790615	13	43.293173
447719.9372	24.822115	12.92138	9.109878	0.263783	21.272625	85.789834	13	43.386333
447720.191	24.804589	12.932889	9.115895	0.266577	21.301776	85.790132	13	43.38107
447722.169	24.758996	12.891926	9.106255	0.246684	21.389527	85.79453	13	43.479954
447723.8651	24.822115	12.916251	9.143676	0.247745	21.338062	85.796799	13	43.507588
447724.716	24.857918	12.962133	9.137566	0.24605	21.375828	85.79227	13	43.480129
447726.5001	24.754198	13.024645	9.121147	0.228336	21.37916	85.790401	13	43.417366
447727.1771	24.851643	13.031443	9.105678	0.22029	21.287335	85.795013	13	43.403032
447729.353	24.835034	13.000992	9.14809	0.210828	21.347924	85.785966	13	43.424426
447729.9971	24.859025	13.004051	9.163606	0.214292	21.450245	85.79439	13	43.420964
447731.78	24.751614	13.014411	9.198903	0.217216	21.400634	85.792298	13	43.398246
447732.036	24.855895	13.026741	9.224505	0.217347	21.400634	85.792298	13	43.384453
447733.915	24.87398	13.05384	9.214577	0.222488	21.275722	85.788886	13	43.326347
447735.194	24.869729	13.028794	9.185343	0.212616	21.332137	85.789407	13	43.329693
447736.3991	24.865491	13.013606	9.188556	0.23873	21.395821	85.790922	13	43.338242
447736.692	24.875265	13.020128	9.20804	0.247615	21.40373	85.789732	13	43.329993
447738.133	24.907936	13.055214	9.179206	0.245119	21.405817	85.792084	13	43.277673
447739.435	24.883576	13.066421	9.184607	0.242828	21.415073	85.788384	13	43.235399
447741.2776	24.773761	13.009533	9.197329	0.251731	21.413356	85.794158	13	43.256653
447741.68	24.915317	12.948622	9.213916	0.256816	21.391748	85.796232	13	43.320483
447744.193	24.895018	12.865255	9.279398	0.285352	21.40124	85.793767	13	43.519388
447745.246	24.891874	12.907902	9.304813	0.300831	21.404336	85.790634	13	43.518568
447746.118	24.87342	12.93796	9.295752	0.303271	21.424935	85.791136	13	43.509194
447747.7446	24.84556	12.952377	9.257567	0.313087	21.474309	85.791415	13	43.519147
447748.0409	24.813995	12.94728	9.280822	0.328323	21.375087	85.784897	13	43.529181
447750.6634	24.954247	12.975385	9.21468	0.327466	21.362128	85.794474	13	43.539233
447750.9671	24.78668	12.980707	9.191127	0.335271	21.418405	85.790364	13	43.535926
447753.348	24.762496	12.996742	9.191015	0.351048	21.481343	85.784079	13	43.520507
447754.4191	24.899625	13.008225	9.189599	0.347471	21.456539	85.788514	13	43.506851
447755.616	24.87249	12.945679	9.207918	0.360659	21.421367	85.795153	13	43.574395
447757.041	24.870645	12.856337	9.271174	0.37366	21.35065	85.795413	13	43.717807
447760.0488	24.851083	12.960214	9.195709	0.330428	21.439744	85.797422	13	43.705401
447761.2833	24.806052	12.935194	9.183685	0.335271	21.41679	85.792884	13	43.751246
447761.792	24.947782	12.935873	9.165087	0.338084	21.316082	85.784776	13	43.761562
447763.615	24.831521	12.902622	9.147979	0.344081	21.407164	85.788095	13	43.842989
447765.799	24.823948	12.869438	9.139196	0.316253	21.389762	85.796585	13	43.956394
447766.539	24.75603	12.863797	9.12436	0.316142	21.454923	85.789909	13	43.994704
447768.219	24.80623	12.848366	9.108742	0.297645	21.372495	85.795051	13	44.089315
447768.6711	24.83945	12.842213	9.123904	0.298633	21.388046	85.795655	13	44.119187
447771.775	24.678688	12.836094	9.048541	0.255438	21.439374	85.79466	13	44.289491
447772.072	24.808076	12.858575	9.060816	0.24849	21.418271	85.796799	13	44.282079
447774.056	24.783714	12.936451	9.043382	0.236588	21.421469	85.794111	13	44.281309
447774.3793	24.762852	12.933534	9.025491	0.236756	21.311403	85.794111	13	44.291507
447777.1074	24.877276	12.987053	9.048392	0.200397	21.319044	85.791629	13	44.259736
447777.4011	24.747909	12.973088	9.02646	0.199559	21.384579	85.792233	13	44.275895
447780.468	24.869894	13.011176	9.087331	0.219359	21.333989	85.796492	13	44.274359
447780.733	24.807885	13.031259	9.074264	0.211815	21.349405	85.79917	13	44.252611
447783.615	24.976925	13.003783	9.139261	0.220439	21.312615	85.797961	13	44.262115
447783.901	24.77245	13.005845	9.163392	0.222972	21.322747	85.79533	13	44.259549
447786.6631	24.777426	13.059363	9.199741	0.238227	21.350886	85.792177	13	44.185706
447786.941	24.818029	13.084107	9.180994	0.252812	21.41026	85.79784	13	44.154367
447788.7111	24.883359	13.029004	9.202843	0.270097	21.423588	85.797477	13	44.163258
447790.772	24.855486	12.957515	9.21129	0.265533	21.418775	85.795227	13	44.249177
447791.1842	24.875799	12.951639	9.219877	0.260076	21.343111	85.795906	13	44.261529
447792.8618	24.785356	12.974999	9.240794	0.271457	21.335975	85.792261	13	44.261062
447793.322	24.838508	13.008452	9.237274	0.273561	21.275722	85.79214	13	44.227888
447795.394	24.930232	13.040286	9.189618	0.285687	21.238087	85.791527	13	44.165774
447795.686	24.859546	13.021837	9.207145	0.279131	21.346443	85.796548	13	44.18093
447799.154	24.896824	13.046438	9.216412	0.309995	21.428031	85.790169	13	44.097685
447800.214	24.893312	13.011905	9.228296	0.311615	21.360782	85.785752	13	44.12324
447801.563	24.856403	13.009256	9.222801	0.309566	21.324126	85.786989	13	44.123982
447801.841	24.834995	13.012802	9.232235	0.316495	21.305478	85.793396	13	44.119371
447803.6685	24.891835	13.052473	9.209176	0.318917	21.33547	85.789072	13	44.05869
447805.3089	24.852712	13.068499	9.201688	0.330894	21.405346	85.786366	13	44.002305
447805.6481	24.918956	13.05643	9.210722	0.324505	21.311537	85.784274	13	44.007137
447806.8278	24.822446	13.034863	9.215136	0.343224	21.40373	85.787389	13	44.007621
447808.9541	24.843663	13.024956	9.191052	0.352333	21.405581	85.792642	13	43.998997
447811.028	24.780545	13.012743	9.207769	0.35671	21.328569	85.783	13	44.005074
447811.478	24.894406	13.020513	9.208673	0.357548	21.28205	85.783	13	43.994575
447814.0881	24.848092	13.025903	9.210312	0.36457	21.278347	85.790336	13	43.967421
447814.9667	24.748062	13.036866	9.184533	0.35332	21.378688	85.784292	13	43.946925
447815.9232	24.807859	13.005794	9.186256	0.361627	21.275014	85.790587	13	43.968838
447817.598	24.766149	13.034318	9.185325	0.353171	21.305377	85.788653	13	43.934136
447818.8597	24.754706	13.014537	9.203169	0.352947	21.280939	85.791229	13	43.947184
447819.3251	24.787189	13.005107	9.195746	0.359131	21.335133	85.791815	13	43.955311
447820.3777	24.830922	13.027621	9.208244	0.354642	21.339946	85.792484	13	43.925172
447822.976	24.750455	13.086009	9.191807	0.34939	21.324025	85.784302	13	43.794386
447823.889	24.877059	13.081743	9.229367	0.352314	21.386598	85.780555	13	43.768318
447825.712	24.697668	13.044393	9.278038	0.359858	21.208126	85.792103	13	43.77582
447826.2641	24.779425	13.040831	9.282052	0.360957	21.238625	85.79055	13	43.770931
447828.0334	24.76466	13.062121	9.277116	0.348999	21.386598	85.787324	13	43.72143
447829.1651	24.720174	13.07989	9.268184	0.353078	21.365628	85.78764	13	43.675749
447829.534	24.791975	13.078189	9.268948	0.358181	21.300462	85.791806	13	43.668277
447831.144	24.814491	13.058282	9.2441	0.353469	21.364652	85.784237	13	43.642847
447832.816	24.743798	12.999181	9.232617	0.365371	21.288613	85.787194	13	43.687208
447833.201	24.819099	12.987832	9.228091	0.348067	21.403898	85.786543	13	43.699509
447835.6823	24.816146	12.941078	9.194172	0.32782	21.35304	85.788477	13	43.778449
447836.047	24.878892	12.931279	9.19041	0.321934	21.420424	85.794604	13	43.795478
448353.9287	24.991009	17.441749	11.242681	0.2988	21.331503	85.776705	17.5	55.0692
448354.491	25.13788	17.440953	11.239925	0.297496	21.329281	85.781373	17.5	55.081213
448356.2531	25.037508	17.40657	11.257881	0.286153	21.397913	85.780415	17.5	55.159175
448356.5421	25.130869	17.402052	11.274449	0.277268	21.397913	85.780415	17.5	55.172948
448358.0391	25.0137	17.421356	11.250374	0.269706	21.413969	85.778974	17.5	55.196863
448359.71	25.029758	17.387929	11.237401	0.250893	21.426927	85.780759	17.5	55.276758
448361.619	24.976247	17.422228	11.208334	0.235787	21.503327	85.78406	17.5	55.302608
448362.093	24.978092	17.396168	11.192017	0.244076	21.537386	85.777635	17.5	55.343462
448364.533	24.972187	17.428799	11.218234	0.232285	21.402762	85.78486	17.5	55.380293
448364.955	24.987867	17.439394	11.229568	0.244411	21.449276	85.7826	17.5	55.378548
448366.622	25.058912	17.484958	11.253773	0.24212	21.521603	85.78486	17.5	55.357584
448367.381	24.922364	17.507363	11.25395	0.240984	21.415856	85.7875	17.5	55.33712
448368.798	25.108729	17.515166	11.262546	0.226809	21.3482	85.787724	17.5	55.327692
448369.092	24.94746	17.521662	11.256549	0.223624	21.547146	85.784702	17.5	55.319317
448370.2547	24.979569	17.492418	11.253988	0.210101	21.45668	85.784953	17.5	55.342405
448372.5061	25.032711	17.468177	11.2305	0.215596	21.324775	85.788932	17.5	55.384145
448372.797	24.984545	17.485955	11.236432	0.206376	21.386101	85.784618	17.5	55.368374
448374.6931	25.121455	17.504354	11.210001	0.209952	21.376105	85.786319	17.5	55.347536
448374.977	24.928649	17.502116	11.218476	0.204197	21.457556	85.782619	17.5	55.349422
448376.374	25.182708	17.515786	11.228032	0.198162	21.380548	85.784227	17.5	55.335008
448378.7291	25.016842	17.561124	11.207887	0.212113	21.388594	85.78128	17.5	55.26464
448379.2241	25.10855	17.571509	11.208371	0.205053	21.444599	85.78923	17.5	55.240855
448381.143	25.089172	17.573529	11.262882	0.239121	21.363047	85.787277	17.5	55.193727
448381.789	25.158534	17.567226	11.284777	0.258269	21.346991	85.78605	17.5	55.183779
448383.536	25.157247	17.574309	11.330682	0.258567	21.378968	85.784804	17.5	55.136314
448385.319	25.081791	17.54545	11.350137	0.269445	21.407476	85.786664	17.5	55.13529
448385.593	25.168876	17.561627	11.36352	0.262069	21.413906	85.782628	17.5	55.114314
448388.01	25.113336	17.588642	11.365802	0.30314	21.339116	85.785789	17.5	55.021528
448389.0641	24.939889	17.593017	11.369602	0.307052	21.284687	85.778397	17.5	54.983427
448390.135	25.103922	17.546758	11.376671	0.321022	21.385262	85.7826	17.5	55.007091
448392.5459	25.209464	17.574879	11.345602	0.331061	21.37392	85.783102	17.5	54.937679
448393.1811	25.00226	17.58088	11.329686	0.323089	21.324306	85.778444	17.5	54.914073
448394.6941	25.083267	17.60616	11.290067	0.342088	21.447733	85.78605	17.5	54.842648
448396.8112	25.038236	17.574041	11.287105	0.340393	21.304077	85.783158	17.5	54.803537
448397.653	25.026616	17.55327	11.304763	0.361478	21.332587	85.781921	17.5	54.807536
448399.177	25.029938	17.515812	11.349802	0.356542	21.449214	85.777997	17.5	54.830961
448399.9611	25.011855	17.550773	11.347222	0.345907	21.399973	85.776482	17.5	54.787601
448402.641	24.950044	17.593168	11.323967	0.349148	21.487346	85.776566	17.5	54.67589
448404.29	25.147654	17.554209	11.331613	0.347695	21.302596	85.776435	17.5	54.672176
448404.584	25.065913	17.557352	11.329946	0.357269	21.406403	85.783009	17.5	54.663618
448406.553	25.041378	17.550261	11.298076	0.346484	21.417744	85.774557	17.5	54.640733
448408.982	25.136394	17.532978	11.270053	0.347061	21.452546	85.781754	17.5	54.621565
448409.2457	25.08603	17.528728	11.270509	0.353469	21.323466	85.782786	17.5	54.623138
448410.4324	25.102445	17.543028	11.278155	0.348067	21.379375	85.780155	17.5	54.597901
448411.4744	25.084923	17.546414	11.289303	0.352165	21.391457	85.78658	17.5	54.58214
448413.4506	25.034914	17.534084	11.297359	0.344137	21.334204	85.776965	17.5	54.564074
448415.7704	25.118682	17.482812	11.28663	0.353562	21.331242	85.774697	17.5	54.609692
448416.225	25.222736	17.48039	11.284814	0.346335	21.301115	85.782154	17.5	54.614631
448417.3567	25.053366	17.46381	11.26562	0.349408	21.445647	85.78035	17.5	54.641189
448419.8952	25.145619	17.44646	11.254509	0.343057	21.457494	85.782145	17.5	54.695219
448420.8991	25.123479	17.440274	11.253829	0.343094	21.391593	85.780945	17.5	54.720389
448422.8239	25.092482	17.444071	11.237159	0.330801	21.40159	85.779969	17.5	54.741294
448423.087	25.095803	17.432948	11.234905	0.330316	21.480078	85.786022	17.5	54.758689
448425.704	25.067389	17.428271	11.203892	0.320482	21.46712	85.781196	17.5	54.814212
448426.0991	25.084364	17.426477	11.203324	0.316793	21.34198	85.782461	17.5	54.825547
448427.1767	25.023654	17.419277	11.187482	0.323257	21.398257	85.781708	17.5	54.859904
448429.614	25.066282	17.433468	11.193852	0.303811	21.431443	85.784469	17.5	54.908519
448429.888	25.034545	17.440659	11.199189	0.308654	21.482669	85.777774	17.5	54.90705
448431.1011	25.07809	17.436242	11.187119	0.288127	21.463418	85.780034	17.5	54.934059
448433.218	25.136573	17.401868	11.174285	0.275294	21.406403	85.777235	17.5	55.032468
448433.638	25.090078	17.403963	11.184176	0.273189	21.452681	85.778081	17.5	55.04392
448435.078	24.954641	17.4161	11.180562	0.272034	21.403071	85.777105	17.5	55.07817
448435.8311	25.105208	17.405321	11.181941	0.270097	21.391828	85.776101	17.5	55.114077
448437.598	25.039522	17.404349	11.191328	0.25283	21.43343	85.777328	17.5	55.166473
448438.194	25.044689	17.382598	11.205829	0.249422	21.381967	85.773367	17.5	55.211265
448438.6593	25.0517	17.382456	11.21815	0.254469	21.503401	85.780982	17.5	55.229604
448441.305	25.079746	17.39067	11.227035	0.246851	21.38678	85.77862	17.5	55.32497
448442.2542	25.022177	17.448413	11.214323	0.230721	21.374562	85.77863	17.5	55.293414
448444.1	24.941535	17.496416	11.198295	0.210325	21.367762	85.780759	17.5	55.25741
448444.4171	25.05557	17.493155	11.197307	0.208462	21.393444	85.780248	17.5	55.2612
448446.187	24.951499	17.460692	11.207617	0.216267	21.510299	85.778193	17.5	55.30788
448446.4891	25.044678	17.466912	11.21016	0.218595	21.510299	85.778193	17.5	55.305249
448448.455	25.11166	17.500464	11.207263	0.205724	21.397011	85.785343	17.5	55.292857
448449.277	25.14136	17.530916	11.220739	0.195889	21.468231	85.781763	17.5	55.257504
448451.136	25.041547	17.53944	11.261485	0.217179	21.423668	85.776212	17.5	55.227834
448451.407	25.06682	17.536515	11.264828	0.213026	21.434775	85.776036	17.5	55.227299
448453.8238	25.091724	17.573043	11.322458	0.26097	21.335549	85.781038	17.5	55.130921
448454.128	25.158703	17.564041	11.325681	0.260858	21.471797	85.776296	17.5	55.137952
448456.9361	25.106484	17.634675	11.339157	0.307331	21.375907	85.779197	17.5	54.990437
448457.598	25.189139	17.624659	11.3478	0.326815	21.515112	85.781456	17.5	54.971379
448459.1234	25.028251	17.558987	11.369704	0.333483	21.48721	85.777375	17.5	54.996752
448460.356	25.024561	17.651062	11.361406	0.327913	21.378869	85.77863	17.5	54.855319
448460.818	25.016442	17.67231	11.353341	0.330521	21.380214	85.783604	17.5	54.808531
448462.5526	24.999466	17.549222	11.370422	0.357027	21.385768	85.785297	17.5	54.870517
448462.903	24.971598	17.555265	11.376261	0.350489	21.278898	85.784088	17.5	54.858381
448464.833	24.952776	17.608021	11.323567	0.338102	21.462406	85.780871	17.5	54.743904
448466.104	24.989681	17.584317	11.320605	0.33244	21.369477	85.784134	17.5	54.726285
448466.7331	24.965503	17.561728	11.305248	0.332272	21.283341	85.774334	17.5	54.732395
448468.5533	24.967159	17.475956	11.284842	0.32715	21.426864	85.777551	17.5	54.808871
448468.9173	25.004433	17.456074	11.294081	0.318041	21.393173	85.77452	17.5	54.833162
448471.68	24.932647	17.383067	11.290114	0.304183	21.428345	85.783735	17.5	54.960758
448472.004	24.944826	17.373604	11.285261	0.296677	21.477955	85.78446	17.5	54.983666
448473.628	24.960327	17.368827	11.26793	0.272537	21.402565	85.785111	17.5	55.064126
448475.254	24.973793	17.348282	11.2248	0.250912	21.337265	85.775794	17.5	55.156593
448476.6021	25.017151	17.335291	11.210001	0.244728	21.500168	85.779708	17.5	55.240145
448476.9471	24.957734	17.3354	11.210728	0.245212	21.400948	85.778853	17.5	55.259053
448478.038	24.964746	17.370796	11.221177	0.234688	21.527563	85.776928	17.5	55.280606
448478.6432	25.00608	17.376379	11.220413	0.237501	21.423162	85.776659	17.5	55.300298
448480.7751	25.007556	17.440475	11.192539	0.239028	21.38836	85.778481	17.5	55.303058
448481.116	25.028771	17.454607	11.197531	0.234465	21.415622	85.77611	17.5	55.294834
448600.0586	25.188525	14.657616	10.164377	0.373809	21.545543	85.775626	14.5	45.971542
448600.787	25.201259	14.544016	10.153267	0.364831	21.513101	85.773358	14.5	46.056854
448602.1901	25.231326	14.295719	10.205672	0.36742	21.447944	85.776705	14.5	46.360185
448603.6811	25.110118	14.285996	10.185062	0.360677	21.545309	85.77465	14.5	46.483463
448603.99	25.157899	14.294168	10.13437	0.367904	21.490889	85.778351	14.5	46.497143
448605.2701	25.243502	14.361324	10.054649	0.347415	21.386855	85.774883	14.5	46.508465
448607.039	25.283169	14.4031	9.936827	0.329702	21.443131	85.772911	14.5	46.527121
448607.6451	25.180407	14.389848	9.911495	0.3262	21.524344	85.775413	14.5	46.56038
448610.311	25.225791	14.348525	9.84784	0.289692	21.470293	85.774966	14.5	46.722952
448610.5731	25.227636	14.344284	9.821464	0.292244	21.503378	85.782535	14.5	46.740569
448612.533	25.167502	14.363311	9.744565	0.262199	21.569741	85.778527	14.5	46.822167
448613.1381	25.243142	14.366286	9.729273	0.257934	21.582327	85.774157	14.5	46.846266
448614.6301	25.295164	14.333421	9.729766	0.24009	21.51842	85.777681	14.5	46.955352
448615.6471	25.103296	14.360721	9.730037	0.237408	21.441416	85.776742	14.5	46.98423
448617.046	25.163254	14.44288	9.750423	0.214702	21.520135	85.777375	14.5	46.945959
448617.352	25.224135	14.445755	9.733408	0.205873	21.520135	85.777375	14.5	46.948477
448619.3761	25.22949	14.456735	9.765911	0.214739	21.48931	85.782851	14.5	46.969749
448620.61	25.232433	14.495259	9.778558	0.219172	21.479178	85.774204	14.5	46.943778
448621.096	25.304199	14.513053	9.80566	0.221743	21.442897	85.775199	14.5	46.925142
448622.658	25.256055	14.504236	9.796906	0.219955	21.456595	85.777551	14.5	46.928132
448624.19	25.257162	14.531368	9.777981	0.229007	21.439935	85.77359	14.5	46.893547
448624.909	25.20458	14.555147	9.806275	0.234334	21.457706	85.772251	14.5	46.858618
448625.8903	25.210672	14.546263	9.820375	0.241636	21.560018	85.777151	14.5	46.851008
448627.525	25.236131	14.517697	9.828207	0.252551	21.609623	85.777458	14.5	46.858062
448627.806	25.169166	14.523866	9.829912	0.263913	21.598888	85.776036	14.5	46.85009
448629.4327	25.277266	14.553303	9.886163	0.278144	21.600368	85.77505	14.5	46.797731
448630.558	25.159015	14.575725	9.893111	0.289916	21.577787	85.776612	14.5	46.75076
448632.3311	25.228563	14.534746	9.931407	0.312267	21.58408	85.774483	14.5	46.754183
448633.8428	25.186689	14.548752	9.958825	0.324374	21.556921	85.776742	14.5	46.721572
448634.13	25.225062	14.554091	9.942928	0.312435	21.540769	85.777375	14.5	46.711244
448637.999	25.182819	14.567988	9.980879	0.357418	21.537671	85.780034	14.5	46.590082
448638.267	25.119163	14.564845	9.993834	0.34518	21.556921	85.779959	14.5	46.587439
448640.9322	25.204949	14.585331	9.926704	0.332123	21.525454	85.775589	14.5	46.526424
448641.985	25.273396	14.583445	9.91319	0.333557	21.642061	85.777728	14.5	46.499467
448642.511	25.212697	14.575809	9.923733	0.334693	21.619481	85.783549	14.5	46.493008
448644.784	25.19019	14.485586	9.900385	0.328994	21.643172	85.783735	14.5	46.554236
448646.0241	25.186869	14.476324	9.917754	0.31819	21.478068	85.779411	14.5	46.571229
448646.445	25.146649	14.448479	9.920613	0.326498	21.558402	85.781317	14.5	46.605055
448648.7361	25.157908	14.385975	9.905982	0.320649	21.603564	85.771944	14.5	46.734034
448650.7521	25.088166	14.353336	9.864818	0.299471	21.65414	85.774883	14.5	46.849693
448651.0351	25.217683	14.340965	9.876347	0.288798	21.65414	85.774883	14.5	46.876325
448652.814	25.098498	14.343831	9.807998	0.252197	21.643406	85.780294	14.5	46.965431
448655.4601	25.006422	14.436946	9.81162	0.244746	21.482374	85.781531	14.5	46.974268
448655.972	25.155874	14.457649	9.791075	0.237892	21.571222	85.777635	14.5	46.962525
448657.6271	25.169158	14.458219	9.792668	0.211368	21.590842	85.774604	14.5	46.981858
448659.767	25.269518	14.472125	9.755452	0.215447	21.553687	85.77134	14.5	46.999405
448660.281	25.136686	14.496239	9.767243	0.213771	21.606993	85.775003	14.5	46.97824
448662.001	25.244429	14.528895	9.716067	0.217514	21.571456	85.776119	14.5	46.936545
448663.243	25.238517	14.530446	9.703317	0.220513	21.563312	85.779067	14.5	46.926174
448664.3591	25.167493	14.576169	9.678292	0.234986	21.487285	85.772818	14.5	46.862339
448664.637	25.199783	14.598121	9.697543	0.233198	21.534437	85.776296	14.5	46.832598
448669.4341	25.239254	14.597828	9.814778	0.279671	21.521714	85.768578	14.5	46.693199
448670.266	25.257153	14.611826	9.83292	0.288966	21.595012	85.773674	14.5	46.650281
448672.425	25.172281	14.528887	9.891099	0.314	21.515285	85.777691	14.5	46.677838
448672.898	25.106608	14.52685	9.893214	0.318544	21.608338	85.778397	14.5	46.675317
448676.361	25.114906	14.558877	9.916897	0.322884	21.547122	85.776835	14.5	46.599932
448677.1317	25.182063	14.654984	9.888175	0.327168	21.575996	85.778723	14.5	46.480246
448678.8521	25.118965	14.726691	9.850121	0.327988	21.538978	85.771293	14.5	46.285318
448679.3515	25.292942	14.697707	9.859686	0.330391	21.619677	85.782107	14.5	46.27853
448680.136	25.213427	14.68614	9.888259	0.349818	21.617826	85.779792	14.5	46.240361
448682.5783	25.133537	14.627098	9.944278	0.351774	21.563274	85.781401	14.5	46.164008
448683.433	25.173577	14.625513	9.961852	0.347956	21.68802	85.775496	14.5	46.130512
448683.778	25.075971	14.617383	9.955612	0.361329	21.535744	85.777551	14.5	46.124748
448686.7861	25.139072	14.578575	9.979743	0.346056	21.609781	85.780527	14.5	46.061323
448687.081	25.186672	14.578851	9.990276	0.358535	21.643466	85.77915	14.5	46.053336
448689.4521	25.207334	14.588222	9.99985	0.348049	21.582018	85.779764	14.5	45.97848
448690.5581	25.120802	14.585632	9.973736	0.356207	21.679976	85.777412	14.5	45.945279
448691.299	25.149953	14.576127	9.979035	0.349036	21.704035	85.781168	14.5	45.934942
448691.686	25.32558	14.574141	9.974974	0.355555	21.588915	85.776928	14.5	45.927282
448694.4341	25.145345	14.565574	9.894815	0.331061	21.640603	85.772279	14.5	45.869954
448695.845	25.17652	14.527403	9.878378	0.332905	21.587533	85.777282	14.5	45.884267
448696.944	25.058069	14.530479	9.869036	0.331266	21.554352	85.777189	14.5	45.870848
448697.2191	25.025775	14.515526	9.869474	0.330782	21.599749	85.776073	14.5	45.883742
448700.2191	25.150502	14.439343	9.865954	0.329478	21.659716	85.77332	14.5	45.987543
448700.508	25.11434	14.425312	9.87427	0.338493	21.590495	85.773767	14.5	46.008095
448702.6962	25.132053	14.411398	9.865153	0.328118	21.622564	85.776965	14.5	46.086328
448704.3801	25.138326	14.427172	9.825069	0.334433	21.516556	85.775264	14.5	46.119107
448705.499	25.089986	14.436711	9.814079	0.30979	21.636729	85.776073	14.5	46.13358
448705.831	25.119506	14.4319	9.811267	0.316477	21.605166	85.775812	14.5	46.145698
448708.163	25.077619	14.392044	9.820654	0.298465	21.587497	85.777635	14.5	46.265007
448708.4321	25.090724	14.404726	9.826596	0.299601	21.667823	85.773097	14.5	46.261857
448709.983	25.034074	14.410291	9.804235	0.272295	21.612804	85.783186	14.5	46.301354
448711.7	25.085738	14.418439	9.806507	0.271308	21.624144	85.77492	14.5	46.343709
448712.838	25.097177	14.400971	9.801795	0.252346	21.723949	85.773999	14.5	46.399855
448713.1451	25.02097	14.413158	9.792631	0.254525	21.723949	85.773999	14.5	46.397255
448716.272	25.195511	14.44635	9.780077	0.222208	21.482966	85.771247	14.5	46.418611
448717.2701	25.069313	14.441145	9.799225	0.236271	21.586855	85.770401	14.5	46.442199
448717.9471	25.167648	14.430978	9.795509	0.237892	21.697028	85.771266	14.5	46.467394
448718.429	25.061744	14.437633	9.805129	0.233645	21.55502	85.77651	14.5	46.471914
448720.571	25.077981	14.478872	9.82247	0.226567	21.587596	85.768829	14.5	46.457442
448720.948	25.256202	14.470172	9.82519	0.215205	21.592273	85.769899	14.5	46.469322
448722.7021	25.072626	14.510799	9.826848	0.208872	21.671253	85.769201	14.5	46.427717
448723.0651	25.080933	14.511436	9.829027	0.206935	21.643356	85.768876	14.5	46.42565
448725.3191	25.131299	14.494764	9.850317	0.20917	21.575985	85.767407	14.5	46.441626
448725.656	25.113217	14.500045	9.851285	0.210492	21.658767	85.77067	14.5	46.436375
448726.9137	25.135727	14.492551	9.841711	0.215615	21.660383	85.77121	14.5	46.444432
448729.139	25.185721	14.491998	9.835276	0.20062	21.633732	85.776482	14.5	46.455271
448729.5081	25.070412	14.498972	9.837297	0.197808	21.636693	85.773832	14.5	46.448778
448731.696	25.114686	14.510673	9.81434	0.207344	21.627304	85.777105	14.5	46.426961
448732.047	25.214132	14.530077	9.815662	0.206525	21.669267	85.780043	14.5	46.40526
448883.0647	25.422003	22.025192	13.209393	0.35183	21.584364	85.778574	22	68.96716
448885.121	25.374964	22.064561	13.200275	0.343709	21.603107	85.779541	22	68.892135
448885.5951	25.41665	22.067621	13.21376	0.350079	21.564238	85.775896	22	68.877939
448887.281	25.337333	22.023566	13.200117	0.344491	21.603613	85.776435	22	68.895979
448887.5311	25.445425	22.011546	13.221248	0.345143	21.561412	85.778035	22	68.906377
448888.6496	25.363527	21.984824	13.190962	0.329012	21.593988	85.774334	22	68.933736
448890.851	25.380866	21.917786	13.143483	0.306921	21.595604	85.776482	22	69.035194
448892.172	25.384374	21.86063	13.169029	0.295708	21.645207	85.771619	22	69.142398
448892.4322	25.372569	21.847613	13.15098	0.289822	21.522677	85.773869	22	69.167885
448894.426	25.559226	21.813021	13.118393	0.247168	21.551787	85.776463	22	69.314422
448896.031	25.42975	21.858459	13.092949	0.244392	21.590286	85.772335	22	69.367678
448897.141	25.37275	21.879707	13.124521	0.254488	21.56599	85.77214	22	69.402465
448899.151	25.384374	21.937123	13.080125	0.243443	21.615594	85.772363	22	69.411239
448899.7391	25.322764	21.946243	13.072171	0.231205	21.563028	85.77332	22	69.414036
448901.7081	25.436209	21.957759	13.065047	0.225747	21.585375	85.774473	22	69.435622
448902.7801	25.41979	21.98283	13.120889	0.208406	21.6514	85.776435	22	69.420917
448903.201	25.360583	21.966728	13.139841	0.214255	21.630166	85.77915	22	69.440689
448905.281	25.450596	22.000742	13.17281	0.23046	21.513187	85.77478	22	69.426779
448905.564	25.434372	22.016961	13.20278	0.241058	21.581068	85.781726	22	69.409761
448907.518	25.41592	22.038418	13.213276	0.21934	21.611793	85.77478	22	69.363897
448909.0581	25.395261	22.026181	13.241579	0.226008	21.647834	85.773878	22	69.361599
448910.0033	25.48232	22.064159	13.265281	0.224276	21.581204	85.772967	22	69.306924
448910.291	25.403196	22.055165	13.243321	0.238302	21.678927	85.770317	22	69.31038
448911.62	25.282375	22.092725	13.278078	0.219675	21.569728	85.775189	22	69.242039
448913.878	25.433815	22.039198	13.29038	0.256611	21.593419	85.775943	22	69.255784
448914.3631	25.473286	22.056498	13.294953	0.255512	21.731117	85.771628	22	69.229759
448916.486	25.462596	22.038217	13.236894	0.28226	21.66116	85.773358	22	69.210824
448917.7441	25.63282	22.102054	13.228596	0.319662	21.597257	85.771042	22	69.119514
448918.1618	25.419247	22.122615	13.221099	0.310963	21.546912	85.777458	22	69.083467
448920.269	25.406523	22.017858	13.17363	0.306735	21.645379	85.768746	22	69.124563
448920.981	25.375715	22.0037	13.190701	0.317073	21.527797	85.770931	22	69.136713
448923.153	25.543379	22.099497	13.220261	0.319345	21.545332	85.769145	22	68.985983
448924.0551	25.456693	22.111148	13.241011	0.3346	21.530894	85.770168	22	68.942469
448925.988	25.414827	22.019869	13.307517	0.352091	21.516457	85.771247	22	68.987705
448927.5751	25.394906	22.032358	13.257691	0.360659	21.463146	85.769945	22	68.961797
448927.8591	25.55574	22.042375	13.228364	0.345087	21.447967	85.770354	22	68.948275
448928.5838	25.344184	22.054721	13.222552	0.355555	21.666144	85.777551	22	68.924068
448931.6261	25.498753	22.083236	13.186678	0.331955	21.537324	85.782405	22	68.817169
448931.9101	25.387347	22.081367	13.192191	0.333911	21.392938	85.779513	22	68.811228
448934.172	25.573452	22.069021	13.251181	0.3327	21.534128	85.776435	22	68.768354
448934.4501	25.451725	22.055668	13.229733	0.342517	21.534128	85.776435	22	68.775812
448935.7947	25.583411	22.037169	13.273589	0.341511	21.534498	85.78061	22	68.774967
448937.342	25.442133	21.982184	13.299004	0.34084	21.55893	85.778128	22	68.820229
448938.273	25.450618	21.954457	13.272694	0.337376	21.489703	85.775264	22	68.859207
448941.1833	25.483637	21.946075	13.242967	0.336072	21.535744	85.770708	22	68.910554
448941.6411	25.45634	21.955094	13.21038	0.331788	21.597195	85.77094	22	68.909241
448943.515	25.384404	21.893076	13.176768	0.316644	21.56647	85.775264	22	69.020334
448944.5953	25.367991	21.897745	13.190151	0.320482	21.527736	85.77121	22	69.051992
448945.059	25.453208	21.899974	13.172344	0.315993	21.606351	85.773981	22	69.066093
448946.967	25.390495	21.926964	13.199064	0.302395	21.545505	85.772456	22	69.094485
448947.268	25.359694	21.909253	13.178985	0.301091	21.545505	85.772456	22	69.120365
448949.7201	25.432	21.872666	13.14271	0.291778	21.532684	85.778983	22	69.248716
448951.896	25.424065	21.916805	13.105923	0.26857	21.441242	85.777812	22	69.295282
448952.4692	25.450445	21.882046	13.103687	0.256928	21.548603	85.775896	22	69.347943
448954.593	25.354898	21.905599	13.123264	0.234558	21.425088	85.777997	22	69.383536
448955.6511	25.476636	21.908348	13.122305	0.244821	21.540594	85.779457	22	69.415015
448955.922	25.380542	21.91854	13.116968	0.242772	21.492098	85.774873	22	69.412512
448957.673	25.407104	21.908868	13.112656	0.231559	21.563312	85.776556	22	69.473492
448957.979	25.36449	21.908859	13.129969	0.231689	21.523799	85.776073	22	69.483023
448960.7863	25.430713	21.982025	13.114975	0.202464	21.464098	85.773581	22	69.459157
448961.2181	25.383124	21.974171	13.109862	0.21487	21.523701	85.777328	22	69.470058
448962.801	25.43182	21.960634	13.123487	0.210474	21.480017	85.771963	22	69.499723
448965.4202	25.515007	22.004581	13.14759	0.218017	21.479647	85.778258	22	69.471212
448965.9841	25.484022	22.017103	13.131441	0.220439	21.466825	85.773581	22	69.456421
448968.409	25.462258	22.011999	13.140326	0.210027	21.539522	85.769424	22	69.436898
448969.0559	25.470562	22.028293	13.128461	0.20781	21.529897	85.772363	22	69.415846
448971.182	25.498966	22.037823	13.167502	0.212169	21.516569	85.772725	22	69.38415
448971.6681	25.40803	22.062726	13.150645	0.228076	21.524578	85.776928	22	69.351188
448973.083	25.4914	22.051913	13.16467	0.219377	21.518186	85.773627	22	69.335304
448975.0831	25.554484	22.072893	13.15939	0.228783	21.510276	85.767704	22	69.26817
448976.8661	25.436624	22.073413	13.174449	0.233533	21.456965	85.776659	22	69.226687
448977.344	25.480341	22.096136	13.199642	0.23724	21.449191	85.776519	22	69.191194
448979.521	25.534557	22.056674	13.173481	0.228132	21.413278	85.772911	22	69.174782
448980.611	25.675462	22.071066	13.197686	0.228467	21.473391	85.764971	22	69.136757
448981.074	25.608336	22.054361	13.182338	0.239512	21.427113	85.771981	22	69.143142
448983.3162	25.45065	21.994438	13.174989	0.238059	21.574456	85.775273	22	69.203927
448984.508	25.434042	22.002753	13.173602	0.237408	21.397865	85.776073	22	69.194102
448984.91	25.507638	21.982184	13.174952	0.242828	21.513744	85.768578	22	69.215954
448988.521	25.392733	22.000406	13.209607	0.246385	21.443169	85.776259	22	69.192878
448989.0893	25.491777	22.003684	13.207763	0.256313	21.616558	85.773562	22	69.191671
448990.611	25.511704	22.04167	13.199968	0.253873	21.579404	85.77001	22	69.135974
448992.292	25.466144	21.96511	13.157527	0.242884	21.521791	85.763102	22	69.213814
448992.812	25.451208	21.985964	13.178929	0.244821	21.550296	85.771833	22	69.198118
448994.5533	25.47721	22.059004	13.154472	0.25894	21.469962	85.767583	22	69.100884
448995.608	25.481448	22.062349	13.139776	0.26585	21.447748	85.770447	22	69.0746
448996.0347	25.547476	22.060136	13.111101	0.249515	21.591893	85.773413	22	69.067955
448999.687	25.45729	22.005117	13.137783	0.282558	21.572877	85.775496	22	69.099816
449000.192	25.452306	21.988688	13.160824	0.272612	21.494162	85.768206	22	69.117557
449002.0291	25.562968	21.973341	13.163851	0.275238	21.601888	85.765947	22	69.1532
449002.7437	25.481817	21.982821	13.167306	0.274567	21.525999	85.76551	22	69.15219
449005.44	25.351045	22.003533	13.101918	0.285836	21.555108	85.76604	22	69.147378
449006.71	25.458397	22.007556	13.093964	0.281888	21.593744	85.772167	22	69.141468
449007.0204	25.51668	22.011747	13.12155	0.292877	21.430854	85.771126	22	69.136064
449008.827	25.370778	22.000658	13.092493	0.296342	21.476762	85.770447	22	69.143235
449009.3234	25.511138	22.018201	13.106686	0.308635	21.500592	85.771972	22	69.128563
449010.709	25.391249	22.026717	13.089028	0.306959	21.460472	85.769192	22	69.098896
449012.3472	25.555411	22.05654	13.114807	0.306065	21.448255	85.771842	22	69.040356
449013.7514	25.354357	22.03147	13.123096	0.29975	21.404938	85.769722	22	69.050897
449014.289	25.446773	22.083245	13.111855	0.307946	21.505268	85.772511	22	68.987792
449015.614	25.462635	22.012912	13.172009	0.290698	21.524518	85.775812	22	69.040141
449204.4597	25.445612	23.539391	13.870892	0.31983	21.537324	85.770038	23.5	74.77361
449205.0641	25.52861	23.583932	13.852601	0.309287	21.548664	85.772456	23.5	74.716434
449207.2551	25.630593	23.539299	13.858441	0.314689	21.534226	85.770494	23.5	74.697093
449207.5151	25.533587	23.550815	13.853085	0.32145	21.558289	85.775003	23.5	74.681657
449209.245	25.41665	23.60316	13.847162	0.331452	21.585312	85.766867	23.5	74.580985
449211.0601	25.591497	23.564604	13.854305	0.327653	21.687712	85.76577	23.5	74.566712
449211.3321	25.597948	23.560723	13.835297	0.325585	21.687712	85.76577	23.5	74.564912
449212.1234	25.418676	23.538829	13.834208	0.327336	21.56162	85.765687	23.5	74.579067
449213.6471	25.50352	23.594334	13.85085	0.328025	21.531499	85.766003	23.5	74.485186
449217.168	25.417382	23.603085	13.842468	0.334544	21.490876	85.764887	23.5	74.36501
449217.63	25.439147	23.590881	13.850971	0.338177	21.579118	85.769545	23.5	74.360725
449219.5771	25.522514	23.612498	13.811316	0.339872	21.54395	85.766523	23.5	74.296233
449222.411	25.429186	23.602062	13.772293	0.333054	21.570974	85.766858	23.5	74.191444
449222.705	25.505727	23.60508	13.79227	0.33013	21.485594	85.766077	23.5	74.178366
449225.583	25.45574	23.537312	13.827446	0.336165	21.695719	85.765956	23.5	74.162069
449225.886	25.482669	23.544948	13.847395	0.337916	21.481386	85.765928	23.5	74.150088
449227.918	25.578943	23.567487	13.82793	0.337264	21.529377	85.767565	23.5	74.082356
449228.377	25.524352	23.563724	13.806612	0.334321	21.564311	85.767184	23.5	74.076558
449229.63	25.558099	23.590076	13.804405	0.345311	21.477918	85.772697	23.5	74.020251
449231.626	25.516599	23.596312	13.758687	0.3525	21.553674	85.768922	23.5	73.950221
449232.4011	25.494098	23.573346	13.746505	0.353953	21.555056	85.76843	23.5	73.951727
449234.1426	25.600329	23.591669	13.738533	0.337134	21.538903	85.760591	23.5	73.884281
449234.413	25.517706	23.589992	13.733969	0.33393	21.513224	85.762209	23.5	73.877702
449235.98	25.495942	23.579599	13.748647	0.336351	21.51642	85.76524	23.5	73.847796
449237.856	25.64809	23.538184	13.763548	0.339462	21.507165	85.765687	23.5	73.849334
449238.6491	25.573029	23.528503	13.771176	0.345255	21.576021	85.76723	23.5	73.850299
449240.989	25.599955	23.530053	13.7958	0.338009	21.564681	85.761986	23.5	73.836786
449241.9411	25.602905	23.528276	13.797951	0.330968	21.603414	85.765463	23.5	73.828185
449242.5591	25.522864	23.528369	13.788228	0.334321	21.423866	85.769424	23.5	73.821249
449244.2921	25.551817	23.518227	13.821653	0.320332	21.529377	85.766626	23.5	73.817632
449246.485	25.531898	23.465001	13.801872	0.321245	21.49865	85.765631	23.5	73.878275
449246.916	25.397623	23.454968	13.793555	0.320761	21.537151	85.764124	23.5	73.8943
449248.729	25.594603	23.396303	13.772135	0.310311	21.50851	85.766821	23.5	74.011509
449250.186	25.76979	23.459084	13.749625	0.313552	21.444599	85.769954	23.5	73.984897
449250.9453	25.434514	23.461774	13.731343	0.310647	21.513088	85.768783	23.5	73.991876
449251.432	25.561776	23.475806	13.745592	0.314223	21.582684	85.766179	23.5	73.982822
449253.712	25.629456	23.482478	13.741364	0.310777	21.572319	85.768169	23.5	74.000187
449254.275	25.519907	23.474087	13.756349	0.317315	21.569592	85.768532	23.5	74.013396
449256.8651	25.441148	23.451096	13.812983	0.299694	21.551823	85.767676	23.5	74.078122
449257.1411	25.441335	23.461204	13.77952	0.31046	21.510127	85.769638	23.5	74.071781
449258.8	25.431188	23.455513	13.74956	0.298875	21.452743	85.767583	23.5	74.093729
449260.4491	25.487815	23.46439	13.724675	0.300067	21.542334	85.770661	23.5	74.10785
449261.2503	25.603081	23.481614	13.702444	0.290884	21.537521	85.771284	23.5	74.099023
449261.6291	25.516769	23.47532	13.696698	0.28796	21.471625	85.769908	23.5	74.107357
449264.3701	25.563058	23.473727	13.674961	0.284998	21.49865	85.769648	23.5	74.140329
449264.873	25.636645	23.453476	13.696931	0.275853	21.506795	85.771972	23.5	74.166911
449266.328	25.453872	23.444164	13.707054	0.297701	21.556771	85.76763	23.5	74.200605
449268.114	25.537607	23.440912	13.749625	0.296398	21.412117	85.769108	23.5	74.235786
449268.459	25.522484	23.428783	13.756572	0.295578	21.478153	85.769555	23.5	74.255397
449270.553	25.579101	23.50308	13.72229	0.289413	21.490506	85.767267	23.5	74.221755
449272.8221	25.609346	23.529735	13.67484	0.282707	21.346855	85.7671	23.5	74.191553
449273.2551	25.577625	23.523298	13.688539	0.277808	21.537386	85.762655	23.5	74.193565
449275.1661	25.481902	23.464457	13.706467	0.279447	21.461863	85.764217	23.5	74.268699
449277.0484	25.667252	23.48951	13.72908	0.285482	21.374488	85.763818	23.5	74.246987
449277.5893	25.560102	23.49904	13.715352	0.295578	21.468663	85.765417	23.5	74.239016
449279.986	25.574119	23.493223	13.748889	0.295261	21.505178	85.765064	23.5	74.237868
449280.507	25.504217	23.526709	13.772135	0.308263	21.500131	85.768439	23.5	74.202415
449282.1221	25.579833	23.458028	13.787353	0.313664	21.540718	85.765064	23.5	74.280009
449282.9441	25.546267	23.483593	13.749085	0.305115	21.505178	85.767676	23.5	74.26635
449284.3234	25.629626	23.534856	13.719999	0.290642	21.52591	85.76564	23.5	74.210074
449284.6171	25.66374	23.53385	13.720158	0.292933	21.494307	85.76484	23.5	74.207538
449286.6743	25.486879	23.582072	13.694407	0.303587	21.416696	85.76696	23.5	74.128582
449288.942	25.544236	23.569365	13.703152	0.31657	21.449041	85.768523	23.5	74.080846
449290.326	25.639024	23.610394	13.757858	0.339611	21.459272	85.763371	23.5	73.996701
449291.38	25.549213	23.535217	13.799926	0.347546	21.515174	85.763771	23.5	74.046066
449291.6331	25.581672	23.532434	13.835604	0.34546	21.37708	85.766263	23.5	74.046049
449295.7234	25.515096	23.52572	13.811921	0.367867	21.510497	85.771396	23.5	73.999675
449296.1641	25.566918	23.518059	13.811111	0.370177	21.58551	85.766793	23.5	74.006608
449298.0171	25.55032	23.525577	13.797141	0.352966	21.548627	85.770038	23.5	73.995111
449298.892	25.671854	23.507825	13.822855	0.349855	21.46311	85.768439	23.5	74.007826
449300.3715	25.546444	23.544169	13.795632	0.370009	21.569493	85.772902	23.5	73.966619
449302.104	25.726251	23.529525	13.786822	0.373604	21.547146	85.767453	23.5	73.955934
449302.5141	25.621689	23.518621	13.777006	0.374182	21.513088	85.768606	23.5	73.963477
449305.002	25.530032	23.515335	13.715715	0.347043	21.497169	85.765501	23.5	73.960958
449305.2651	25.711499	23.509233	13.732852	0.358163	21.497169	85.765501	23.5	73.966042
449306.3502	25.778619	23.502075	13.712092	0.339276	21.54395	85.763641	23.5	73.970311
449308.5402	25.54792	23.469427	13.716879	0.338642	21.479535	85.765947	23.5	74.000361
449309.413	25.719612	23.495797	13.736614	0.348719	21.4377	85.768132	23.5	73.982296
449310.0781	25.677937	23.511488	13.765336	0.342982	21.530759	85.766802	23.5	73.964716
449311.532	25.515647	23.517833	13.756088	0.357176	21.494343	85.770075	23.5	73.944368
449313.083	25.556959	23.508906	13.812321	0.338586	21.5632	85.76484	23.5	73.953274
449314.3071	25.648063	23.54701	13.803679	0.338829	21.463011	85.765863	23.5	73.900822
449314.609	25.610811	23.560329	13.769965	0.322121	21.501747	85.767983	23.5	73.881785
449317.1851	25.587943	23.421634	13.731175	0.312435	21.463381	85.762562	23.5	74.049283
449318.4319	25.592369	23.459251	13.680977	0.319196	21.603685	85.766756	23.5	74.037685
449318.705	25.475439	23.466217	13.677531	0.313515	21.510398	85.762878	23.5	74.03411
449320.484	25.683838	23.420259	13.667519	0.313012	21.513125	85.762339	23.5	74.113271
449321.657	25.692321	23.430518	13.655738	0.282409	21.584301	85.768253	23.5	74.133235
449323.1681	25.745797	23.388349	13.645522	0.273897	21.529648	85.770224	23.5	74.215125
449323.515	25.774012	23.381099	13.670537	0.264882	21.498921	85.77107	23.5	74.236025
449325.0905	25.681256	23.423352	13.681536	0.248714	21.485594	85.769322	23.5	74.247045
449326.554	25.754648	23.430946	13.650905	0.244523	21.611459	85.76803	23.5	74.268224
449327.0964	25.791344	23.396102	13.672437	0.249794	21.487679	85.766579	23.5	74.318128
449329.033	25.752804	23.401819	13.660618	0.240723	21.528167	85.770224	23.5	74.388423
449329.9481	25.805721	23.390411	13.641247	0.231615	21.624045	85.766691	23.5	74.432657
449331.159	25.594951	23.391366	13.628227	0.205873	21.502253	85.769006	23.5	74.475361
449331.94	25.60546	23.396806	13.623412	0.20714	21.566297	85.764794	23.5	74.498567
449332.821	25.516015	23.422958	13.627296	0.196187	21.569259	85.768216	23.5	74.499839
449334.6616	25.789682	23.418574	13.637931	0.205016	21.59221	85.768699	23.5	74.551928
449335.9911	25.564887	23.362868	13.651789	0.2169	21.542235	85.770298	23.5	74.654202
449493.0027	25.836486	20.590906	12.543348	0.361963	21.58756	85.766235	20.5	64.118133
449494.0449	25.816573	20.5871	12.533215	0.352146	21.563128	85.773534	20.5	64.088655
449494.412	25.757755	20.574326	12.545313	0.356244	21.500194	85.769638	20.5	64.091337
449497.085	25.869123	20.550496	12.532181	0.360696	21.624072	85.766644	20.5	64.061433
449497.346	25.845523	20.518662	12.541932	0.354326	21.624072	85.766644	20.5	64.090259
449501.435	25.926646	20.462076	12.470239	0.333837	21.473539	85.760731	20.5	64.178249
449502.191	25.824503	20.434005	12.475603	0.321096	21.524628	85.762785	20.5	64.219519
449503.2702	25.835197	20.415866	12.435594	0.31562	21.526108	85.767779	20.5	64.265471
449504.9171	25.794264	20.463601	12.417535	0.323629	21.458125	85.761902	20.5	64.24732
449505.1881	25.74909	20.475822	12.426458	0.310572	21.595334	85.761753	20.5	64.238319
449507.2684	25.893091	20.505134	12.399561	0.316793	21.500194	85.765779	20.5	64.222802
449507.6793	25.810308	20.508344	12.38533	0.31046	21.487372	85.763501	20.5	64.218631
449509.164	25.777487	20.515904	12.386066	0.299266	21.561412	85.767072	20.5	64.20493
449511.0838	25.773244	20.523909	12.326396	0.297478	21.496998	85.767537	20.5	64.177387
449511.64	25.805149	20.514379	12.304268	0.293417	21.627909	85.767853	20.5	64.18354
449513.3521	25.72383	20.434156	12.293269	0.285129	21.505278	85.766579	20.5	64.267091
449514.182	25.833909	20.476342	12.282317	0.27887	21.488853	85.769954	20.5	64.235299
449515.984	25.86212	20.445521	12.312045	0.281087	21.603243	85.763864	20.5	64.283122
449516.7031	25.761998	20.444926	12.30289	0.276672	21.598801	85.764078	20.5	64.296452
449518.524	25.726963	20.440517	12.3254	0.268309	21.545494	85.774027	20.5	64.33573
449518.812	25.800351	20.450752	12.322699	0.262665	21.490469	85.77134	20.5	64.327566
449520.824	25.805145	20.471832	12.349419	0.265701	21.583894	85.764933	20.5	64.332196
449522.226	25.720879	20.476627	12.365009	0.247578	21.524393	85.762339	20.5	64.336158
449524.3511	25.756652	20.436746	12.383691	0.216937	21.56636	85.765687	20.5	64.404448
449524.9021	25.798693	20.443753	12.364962	0.208816	21.555254	85.764971	20.5	64.408651
449526.282	25.756652	20.435991	12.395165	0.203768	21.590286	85.770317	20.5	64.441832
449526.8582	25.668691	20.433485	12.394085	0.214907	21.631141	85.767314	20.5	64.457255
449528.3043	25.803856	20.458262	12.37638	0.217663	21.458261	85.769694	20.5	64.458035
449529.9312	25.747801	20.426729	12.401433	0.216043	21.449375	85.76856	20.5	64.514727
449531.4644	25.71664	20.391257	12.351589	0.200844	21.53725	85.775719	20.5	64.594876
449531.744	25.765134	20.385457	12.350937	0.210362	21.542063	85.774604	20.5	64.611032
449534.374	25.79058	20.399966	12.326108	0.220066	21.580933	85.768383	20.5	64.686562
449534.633	25.72051	20.399077	12.305265	0.209133	21.585745	85.769025	20.5	64.696293
449536.706	25.615028	20.440903	12.247625	0.193896	21.471859	85.766672	20.5	64.705862
449537.136	25.824507	20.429001	12.264938	0.203768	21.556871	85.77134	20.5	64.727252
449538.682	25.737844	20.453618	12.263551	0.207996	21.555155	85.770447	20.5	64.73857
449540.0691	25.695063	20.45853	12.279486	0.216248	21.537386	85.766784	20.5	64.75033
449540.556	25.721431	20.467055	12.29393	0.207289	21.501847	85.76591	20.5	64.748235
449542.186	25.744482	20.451841	12.336119	0.225747	21.500501	85.767937	20.5	64.784871
449543.971	25.704279	20.442403	12.400222	0.248732	21.507165	85.770577	20.5	64.825961
449545.201	25.612629	20.422069	12.418783	0.241654	21.540483	85.768113	20.5	64.878835
449546.2731	25.63144	20.421641	12.39618	0.22314	21.417202	85.764747	20.5	64.901634
449547.0481	25.564679	20.432731	12.393992	0.229529	21.625624	85.769248	20.5	64.911557
449548.35	25.630151	20.476442	12.428665	0.242604	21.545431	85.764348	20.5	64.888365
449550.015	25.620189	20.500255	12.452134	0.246032	21.466812	85.76961	20.5	64.872604
449550.373	25.70723	20.47884	12.451464	0.243908	21.500501	85.76988	20.5	64.895156
449552.266	25.538673	20.541042	12.426942	0.241319	21.506795	85.767407	20.5	64.82523
449552.725	25.720324	20.539206	12.460209	0.241561	21.466442	85.769555	20.5	64.820904
449554.376	25.677174	20.556188	12.508861	0.259629	21.52433	85.769722	20.5	64.779625
449554.691	25.530558	20.557143	12.494314	0.266521	21.6265	85.773088	20.5	64.772815
449556.453	25.529452	20.583471	12.556107	0.304332	21.574676	85.766003	20.5	64.710622
449559.117	25.5407	20.615406	12.556107	0.325902	21.530993	85.770001	20.5	64.587888
449559.406	25.634018	20.602464	12.577304	0.331117	21.47139	85.772242	20.5	64.590359
449561.79	25.575555	20.608273	12.553713	0.33298	21.545196	85.772251	20.5	64.512534
449563.3659	25.734518	20.648481	12.567283	0.339182	21.511508	85.772428	20.5	64.410855
449564.189	25.718291	20.651096	12.555753	0.333781	21.548528	85.770391	20.5	64.368261
449564.541	25.560987	20.654751	12.559003	0.341753	21.588508	85.776928	20.5	64.346644
449566.9392	25.689706	20.661707	12.576168	0.366265	21.608127	85.773032	20.5	64.218314
449568.8521	25.699482	20.624534	12.534668	0.364738	21.640332	85.767016	20.5	64.161655
449569.6862	25.60709	20.620997	12.507967	0.348105	21.502253	85.768932	20.5	64.131167
449570.3379	25.625346	20.649177	12.516358	0.351532	21.416732	85.775143	20.5	64.074778
449571.868	25.556189	20.600277	12.508209	0.364123	21.4619	85.770577	20.5	64.044114
449574.135	25.608562	20.501923	12.509429	0.355089	21.528908	85.768653	20.5	64.116645
449575.015	25.612067	20.503306	12.51267	0.371592	21.492258	85.77187	20.5	64.113125
449576.924	25.505465	20.526524	12.484619	0.367569	21.505079	85.774827	20.5	64.092403
449578.9983	25.519482	20.471472	12.493178	0.355555	21.558523	85.774213	20.5	64.15536
449579.762	25.684723	20.529055	12.484386	0.354959	21.555192	85.772521	20.5	64.100001
449580.6191	25.548623	20.557596	12.474635	0.355965	21.541865	85.772186	20.5	64.058062
449582.002	25.63991	20.560747	12.454323	0.351699	21.540754	85.769331	20.5	64.025981
449583.421	25.605977	20.548015	12.43633	0.356878	21.530759	85.767686	20.5	64.008241
449583.7211	25.518373	20.556573	12.407188	0.354233	21.505079	85.767016	20.5	63.994175
449585.6643	25.557841	20.560395	12.350229	0.345292	21.599984	85.764124	20.5	63.964435
449586.0225	25.497716	20.570185	12.341903	0.36945	21.547047	85.764264	20.5	63.947081
449587.954	25.586795	20.508545	12.381391	0.344528	21.572726	85.761623	20.5	63.997717
449589.584	25.582737	20.480885	12.399328	0.345739	21.566297	85.766077	20.5	64.031007
449590.2571	25.59159	20.476241	12.375673	0.344491	21.65958	85.769945	20.5	64.040966
449591.946	25.616854	20.492435	12.406136	0.347136	21.564816	85.772558	20.5	64.022994
449592.943	25.666277	20.487548	12.417768	0.334526	21.672166	85.766821	20.5	64.03186
449593.217	25.625337	20.499987	12.415086	0.337823	21.601835	85.764348	20.5	64.020225
449595.09	25.642118	20.485118	12.375095	0.329702	21.5632	85.763948	20.5	64.034056
449596.751	25.626072	20.50158	12.401032	0.325865	21.446215	85.767007	20.5	64.020485
449597.254	25.56964	20.491345	12.391794	0.333427	21.521368	85.768523	20.5	64.031366
449599.37	25.526852	20.508386	12.442672	0.347248	21.540618	85.772298	20.5	63.990908
449599.638	25.573514	20.497657	12.428544	0.34762	21.540618	85.772298	20.5	64.001487
449601.499	25.706658	20.489526	12.412292	0.348719	21.529142	85.768113	20.5	64.004245
449601.773	25.686374	20.487221	12.425042	0.340822	21.569493	85.767714	20.5	64.007656
449604.685	25.669777	20.495461	12.392213	0.315322	21.678323	85.764933	20.5	64.013143
449605.312	25.633632	20.479787	12.389391	0.333501	21.622194	85.763818	20.5	64.031962
449606.6861	25.752941	20.483626	12.372329	0.329385	21.570974	85.763725	20.5	64.035716
449607.8531	25.722517	20.512409	12.348264	0.329459	21.559868	85.76604	20.5	64.005213
449610.542	25.643036	20.445169	12.373149	0.311634	21.64834	85.771656	20.5	64.095032
449611.171	25.860437	20.447173	12.357791	0.320798	21.609473	85.773125	20.5	64.1043
449612.454	25.753679	20.478152	12.318378	0.323741	21.701642	85.773293	20.5	64.078462
449613.798	25.812683	20.510783	12.359412	0.340244	21.564681	85.770577	20.5	64.046259
449614.299	25.671436	20.523339	12.354019	0.325567	21.635483	85.775989	20.5	64.029989
449615.9271	25.660555	20.458731	12.392576	0.336053	21.612669	85.770298	20.5	64.1177
449618.375	25.78484	20.50515	12.34371	0.32836	21.604895	85.771926	20.5	64.118705
449619.613	25.78189	20.479653	12.365242	0.33203	21.607856	85.776389	20.5	64.140554
449622.036	25.684528	20.506114	12.342052	0.326088	21.582179	85.76564	20.5	64.123588
449622.393	25.741323	20.514613	12.368371	0.318228	21.521097	85.767676	20.5	64.113874
