622264.5291	22.630306	15.703041	-0.177122	40.98793	20.765086	85.198861	15.6	66.834061
622265.105	22.720337	15.69973	-0.176581	40.990016	20.868805	85.208401	15.6	66.818096
622266.639	22.751771	15.721548	-0.180865	40.9604	20.8288	85.202533	15.6	66.73884
622268.884	22.672795	15.698573	-0.159566	40.971799	20.785207	85.204086	15.6	66.67563
622269.1791	22.651345	15.679454	-0.15518	41.011436	20.84929	85.21411	15.6	66.686225
622271.492	22.696833	15.678029	-0.125545	41.004377	20.704449	85.208122	15.6	66.646653
622273.353	22.56739	15.720576	-0.102876	40.979771	20.662956	85.206476	15.6	66.539981
622274.3581	22.521896	15.745445	-0.08072	40.987855	20.803475	85.208577	15.6	66.469815
622274.632	22.623977	15.729209	-0.062001	41.038389	20.815816	85.210186	15.6	66.473516
622277.2532	22.685164	15.774362	0.009385	40.98061	20.78507	85.208977	15.6	66.300509
622277.5301	22.611402	15.795325	0.006023	40.997951	20.78507	85.208977	15.6	66.262585
622280.2171	22.568294	15.783264	0.031942	41.013969	20.658004	85.209916	15.6	66.100264
622280.5043	22.719187	15.78665	0.046843	40.965243	20.715426	85.210409	15.6	66.079369
622281.4121	22.591595	15.80929	0.072426	40.971445	20.709129	85.203575	15.6	65.997172
622283.1942	22.687383	15.83814	0.086787	40.928083	20.798523	85.208531	15.6	65.83625
622283.615	22.730445	15.84415	0.080557	40.918919	20.66713	85.211311	15.6	65.795911
622285.4821	22.645592	15.846128	0.063746	40.905154	20.803456	85.211971	15.6	65.647427
622285.9964	22.638195	15.854837	0.048622	40.860711	20.759998	85.207731	15.6	65.59603
622288.093	22.751524	15.765285	0.027984	40.848101	20.833948	85.208661	15.6	65.535559
622290.761	22.702874	15.71102	-0.045898	40.792482	20.719736	85.207108	15.6	65.463805
622292.7101	22.815867	15.627084	-0.090257	40.678433	20.814199	85.208884	15.6	65.506188
622293.188	22.776465	15.630872	-0.108464	40.681729	20.742451	85.206169	15.6	65.498495
622295.996	22.763563	15.504037	-0.178025	40.594055	20.786904	85.205221	15.6	65.646661
622296.462	22.692149	15.514414	-0.164921	40.644346	20.756898	85.208131	15.6	65.650446
622298.5491	22.722844	15.487768	-0.130863	40.646507	20.897288	85.201659	15.6	65.736962
622299.688	22.765536	15.551839	-0.125275	40.668169	20.747267	85.202664	15.6	65.703985
622300.607	22.682534	15.648257	-0.13104	40.742899	20.930254	85.199446	15.6	65.60767
622300.908	22.833247	15.671759	-0.122928	40.701287	20.778754	85.203891	15.6	65.577862
622303.0201	22.728021	15.787061	-0.098797	40.796897	20.886547	85.208568	15.6	65.374784
622303.926	22.774616	15.821008	-0.080525	40.797716	20.85284	85.200088	15.6	65.275643
622305.6831	22.726706	15.69108	-0.035486	40.792818	20.73553	85.208354	15.6	65.305162
622306.112	22.733568	15.700425	-0.030457	40.772478	20.842838	85.202459	15.6	65.281877
622308.6839	22.712654	15.661827	-0.028846	40.721925	20.910117	85.208531	15.6	65.229228
622309.6851	22.690465	15.639456	-0.03014	40.670684	20.832096	85.208754	15.6	65.235372
622310.2251	22.724118	15.609457	-0.045609	40.642539	20.831726	85.204998	15.6	65.260722
622312.8292	22.742813	15.588452	-0.101284	40.567233	20.869879	85.20073	15.6	65.278497
622313.112	22.815457	15.577429	-0.103556	40.564923	20.84469	85.204998	15.6	65.290993
622315.684	22.824701	15.498765	-0.147682	40.567568	20.763313	85.210855	15.6	65.416447
622316.1203	22.654592	15.491113	-0.154667	40.570828	20.891732	85.204737	15.6	65.439405
622317.911	22.737226	15.510919	-0.157713	40.583214	20.87988	85.20907	15.6	65.482076
622319.521	22.65755	15.4918	-0.147012	40.631308	20.947779	85.206932	15.6	65.545809
622320.013	22.578938	15.492613	-0.154407	40.59534	20.832096	85.206699	15.6	65.562731
622321.0661	22.701559	15.557765	-0.138341	40.652188	20.798017	85.20908	15.6	65.523959
622323.2756	22.741868	15.654509	-0.103594	40.683555	20.873095	85.208001	15.6	65.425782
622324.027	22.700984	15.674618	-0.088581	40.674465	20.83506	85.204551	15.6	65.389669
622325.5001	22.714298	15.750298	-0.06621	40.724254	20.861729	85.211385	15.6	65.256436
622327.239	22.722598	15.807513	-0.048124	40.743644	20.830244	85.210186	15.6	65.098533
622327.501	22.687466	15.797362	-0.049437	40.743327	20.844573	85.212008	15.6	65.090912
622330.207	22.800625	15.721531	-0.030764	40.674968	20.875317	85.202905	15.6	65.048578
622330.998	22.645675	15.699436	-0.034024	40.662842	20.89606	85.200116	15.6	65.039755
622332.4591	22.652497	15.629439	-0.044781	40.63995	20.865687	85.20589	15.6	65.080926
622334.2881	22.677645	15.641811	-0.069256	40.594763	20.799752	85.208977	15.6	65.053246
622334.572	22.785423	15.634024	-0.08439	40.622963	20.831979	85.20867	15.6	65.057317
622335.457	22.658949	15.580547	-0.093582	40.564122	20.875688	85.20907	15.6	65.109553
622337.198	22.685411	15.573699	-0.088394	40.563563	20.931618	85.203082	15.6	65.13524
622340.055	22.731063	15.538428	-0.095575	40.53987	20.89027	85.202236	15.6	65.21816
622341.6991	22.691823	15.467425	-0.093545	40.560471	20.928674	85.209517	15.6	65.338562
622342.141	22.706656	15.470929	-0.092949	40.530892	20.928674	85.209517	15.6	65.354832
622344.1902	22.66651	15.458675	-0.071547	40.59683	20.830516	85.208391	15.6	65.449912
622344.479	22.673332	15.472002	-0.070392	40.590739	20.830516	85.208391	15.6	65.449359
622346.939	22.740638	15.577798	-0.111491	40.672174	20.753836	85.204096	15.6	65.40863
622347.198	22.624514	15.587211	-0.107133	40.678172	20.753836	85.204096	15.6	65.400867
622349.834	22.644485	15.695916	-0.095621	40.69935	20.879781	85.205314	15.6	65.256913
622350.55	22.759128	15.72936	-0.096544	40.696053	20.865335	85.204793	15.6	65.196488
622352.044	22.733777	15.749661	-0.084632	40.752883	20.871515	85.205937	15.6	65.105848
622352.4642	22.701233	15.757028	-0.080152	40.743197	20.901264	85.207155	15.6	65.077167
622354.98	22.710274	15.697986	-0.065614	40.682791	20.855958	85.20934	15.6	65.017197
622355.2974	22.717505	15.70429	-0.061703	40.690372	20.967077	85.210902	15.6	65.000238
622357.825	22.705466	15.686076	-0.068902	40.60808	20.898925	85.209024	15.6	64.946364
622358.405	22.672387	15.659195	-0.070187	40.651182	20.905845	85.208847	15.6	64.95864
622360.6119	22.730983	15.638198	-0.071612	40.603107	20.867323	85.205137	15.6	64.951146
622361.862	22.753336	15.613354	-0.098034	40.595787	20.819169	85.206383	15.6	64.965146
622362.911	22.733902	15.595476	-0.108343	40.584648	20.842759	85.206997	15.6	64.985196
622363.688	22.701933	15.595182	-0.112916	40.569133	20.887696	85.206932	15.6	64.987881
622365.1571	22.778647	15.580028	-0.083878	40.520629	20.83732	85.20987	15.6	65.011109
622366	22.786413	15.575124	-0.074089	40.525603	20.844982	85.207899	15.6	65.022671
622367.709	22.775524	15.532854	-0.079212	40.500177	20.958694	85.20496	15.6	65.080853
622368.028	22.796397	15.534481	-0.080078	40.499283	20.958694	85.20496	15.6	65.086877
622369.984	22.72745	15.528756	-0.087128	40.538231	20.877461	85.195829	15.6	65.133311
622371.4551	22.779922	15.495253	-0.071714	40.497905	20.846346	85.200255	15.6	65.211379
622372.1387	22.705261	15.49501	-0.07435	40.515731	20.921792	85.197959	15.6	65.235665
622373.4921	22.718905	15.512277	-0.085051	40.547265	20.973022	85.20576	15.6	65.262385
622376.014	22.738709	15.497935	-0.07368	40.537691	20.851045	85.206755	15.6	65.358503
622376.6431	22.680074	15.506443	-0.084446	40.5788	20.8829	85.207954	15.6	65.370916
622377.079	22.775484	15.519351	-0.083729	40.580308	20.82067	85.204244	15.6	65.370813
622379.971	22.701893	15.59602	-0.098006	40.660067	20.929941	85.208531	15.6	65.331488
622380.416	22.744791	15.62814	-0.093843	40.669902	20.929941	85.208531	15.6	65.297225
622383.2441	22.756625	15.73449	-0.053479	40.672286	20.830555	85.207648	15.6	65.120667
622383.935	22.771212	15.74257	-0.050061	40.670721	20.973275	85.212771	15.6	65.079241
622386.36	22.663597	15.754883	-0.026061	40.657627	20.868337	85.203166	15.6	64.936343
622387.836	22.813533	15.672011	-0.01089	40.705795	20.892784	85.207108	15.6	64.960904
622389.4771	22.732753	15.664258	-0.025782	40.62246	20.820924	85.204691	15.6	64.9311
622389.9641	22.68928	15.647603	-0.035132	40.627042	20.946121	85.209163	15.6	64.938795
622391.497	22.729385	15.636472	-0.043346	40.567028	20.809694	85.203445	15.6	64.938337
622393.194	22.776554	15.578494	-0.073121	40.576993	20.902298	85.203063	15.6	64.979901
622393.76	22.690594	15.564764	-0.073093	40.550264	20.952184	85.199577	15.6	65.000252
622396.3301	22.800016	15.543743	-0.094951	40.497421	20.92341	85.20589	15.6	65.033485
622396.671	22.692774	15.525277	-0.092101	40.531842	20.921929	85.197745	15.6	65.063259
622398.73	22.859345	15.547238	-0.106471	40.481402	20.909335	85.201269	15.6	65.088373
622399.1891	22.732879	15.53293	-0.117312	40.488052	20.85551	85.201269	15.6	65.111139
620753.4438	22.312343	10.408276	0.023318	32.802834	20.752608	85.211571	10.4	42.681177
620754.206	22.23765	10.403038	0.021837	32.761837	20.626279	85.210763	10.4	42.683451
620755.862	22.255574	10.422232	0.01597	32.82811	20.660733	85.209563	10.4	42.660858
620756.286	22.245789	10.432466	0.009739	32.847816	20.672589	85.210009	10.4	42.646398
620758.882	22.206572	10.431502	-0.022652	32.826936	20.801876	85.206959	10.4	42.614712
620759.328	22.249489	10.425954	-0.03015	32.866089	20.828664	85.21238	10.4	42.616501
620760.4521	22.292774	10.433162	-0.046923	32.802293	20.726306	85.214733	10.4	42.597583
620762.7932	22.287224	10.428351	-0.061051	32.798717	20.809538	85.213887	10.4	42.576068
620763.469	22.348265	10.421654	-0.0555	32.807993	20.644803	85.214686	10.4	42.577177
620765.322	22.206776	10.437303	-0.04194	32.799201	20.825583	85.215895	10.4	42.544286
620765.6964	22.377323	10.434143	-0.035551	32.793334	20.726306	85.218341	10.4	42.542869
620767.556	22.251173	10.404161	0.016025	32.751089	20.744458	85.214156	10.4	42.562547
620769.5744	22.318134	10.432835	0.035444	32.770647	20.712599	85.209507	10.4	42.522037
620770.4662	22.327753	10.44343	0.040342	32.733916	20.68692	85.213487	10.4	42.501299
620772.5801	22.248953	10.444201	0.053493	32.779513	20.659875	85.210902	10.4	42.46982
620772.853	22.307406	10.436045	0.065311	32.751127	20.782243	85.212455	10.4	42.474228
620774.239	22.284138	10.446288	0.07211	32.749785	20.707666	85.215709	10.4	42.4433
620776.1531	22.303541	10.453471	0.067472	32.720616	20.812619	85.220879	10.4	42.399779
620776.4743	22.257871	10.459867	0.068617	32.763979	20.750268	85.21451	10.4	42.387206
620779.1831	22.400297	10.436716	0.089907	32.695005	20.682357	85.212148	10.4	42.361693
620779.4541	22.324423	10.423087	0.087914	32.686921	20.653831	85.215216	10.4	42.372374
620781.6633	22.258611	10.423087	0.041506	32.612788	20.895104	85.211209	10.4	42.363489
620784.0341	22.338724	10.415124	-0.05279	32.621319	20.764969	85.212334	10.4	42.355065
620784.3151	22.279903	10.404521	-0.054234	32.620127	20.745706	85.210409	10.4	42.364807
620786.549	22.231973	10.378705	-0.07937	32.59567	20.744224	85.208754	10.4	42.393089
620787.3161	22.322446	10.377984	-0.070811	32.624821	20.77423	85.212325	10.4	42.399836
620788.929	22.246441	10.370507	-0.039705	32.572611	20.841531	85.216118	10.4	42.419253
620789.517	22.244961	10.368496	-0.029889	32.612192	20.770779	85.213096	10.4	42.428097
620791.644	22.301564	10.37723	-0.061796	32.584774	20.769668	85.209117	10.4	42.434831
620791.9171	22.305059	10.375511	-0.064087	32.580397	20.791894	85.207601	10.4	42.438582
620793.925	22.33005	10.389987	-0.106956	32.633203	20.857829	85.213087	10.4	42.433627
620795.688	22.362438	10.387841	-0.113726	32.605281	20.747441	85.211432	10.4	42.443729
620795.959	22.375551	10.383399	-0.119584	32.617631	20.771149	85.217243	10.4	42.449817
620797.681	22.365768	10.399257	-0.106853	32.643671	20.895981	85.210047	10.4	42.438605
620799.044	22.338023	10.426054	-0.077014	32.651531	20.815972	85.207508	10.4	42.405032
620799.428	22.339502	10.419424	-0.075701	32.651233	20.915866	85.213347	10.4	42.408458
620801.788	22.262553	10.425199	-0.032375	32.646371	20.793629	85.215895	10.4	42.385344
620802.5191	22.283476	10.425157	-0.025148	32.653878	20.69275	85.215003	10.4	42.37882
620803.9431	22.222432	10.442323	-0.023425	32.676956	20.814861	85.219494	10.4	42.349154
620805.466	22.296794	10.428125	-0.049968	32.619791	20.817707	85.215579	10.4	42.348508
620805.857	22.282736	10.439658	-0.059803	32.619214	20.790919	85.215579	10.4	42.332703
620807.953	22.173594	10.46213	-0.108669	32.696514	20.726208	85.219029	10.4	42.272199
620808.5931	22.225021	10.471015	-0.101023	32.686921	20.827221	85.213264	10.4	42.249394
620810.44	22.260499	10.458526	-0.05387	32.721715	20.848959	85.211655	10.4	42.225814
620811.0951	22.224817	10.461518	-0.049586	32.716127	20.783881	85.214417	10.4	42.209855
620813.59	22.386522	10.444168	0.002642	32.680756	20.812287	85.20987	10.4	42.186374
620814.5021	22.249809	10.452759	0.016119	32.647098	20.764872	85.211655	10.4	42.162884
620816.4592	22.207672	10.484174	0.03699	32.630073	20.85278	85.215281	10.4	42.082667
620817.776	22.243189	10.457654	0.049581	32.667382	20.827104	85.21464	10.4	42.076985
620818.9043	22.261892	10.421117	0.072734	32.650525	20.774503	85.215123	10.4	42.097321
620819.507	22.161219	10.415954	0.078545	32.649575	20.880074	85.2153	10.4	42.098225
620820.962	22.238175	10.4382	0.081227	32.587773	20.787839	85.216472	10.4	42.06532
620821.431	22.254288	10.439331	0.085241	32.633109	20.734125	85.214156	10.4	42.058113
620822.826	22.256138	10.495423	0.060133	32.614427	20.779319	85.21397	10.4	41.970776
620824.073	22.221896	10.477972	0.026205	32.596769	20.750678	85.212817	10.4	41.954266
620826.374	22.152914	10.419919	0.00498	32.586003	20.825623	85.209647	10.4	41.964744
620827.0638	22.256878	10.387875	0.001655	32.526808	20.77464	85.209833	10.4	41.995694
620828.336	22.198218	10.398344	-0.005898	32.535972	20.775011	85.214073	10.4	41.986924
620828.846	22.23653	10.388847	-0.007584	32.502314	20.866135	85.214603	10.4	41.997282
620830.7571	22.22765	10.381152	-0.029004	32.473592	20.761558	85.209963	10.4	42.023708
620831.8241	22.37045	10.356191	-0.031574	32.5017	20.682027	85.208624	10.4	42.057572
620832.2061	22.139759	10.344574	-0.031072	32.451166	20.822426	85.21331	10.4	42.077996
620833.8761	22.168454	10.351497	-0.026396	32.483744	20.841317	85.211432	10.4	42.098355
620834.2401	22.302178	10.363274	-0.023379	32.474077	20.799967	85.209117	10.4	42.091904
620836.3832	22.186748	10.358043	-0.033828	32.492182	20.828723	85.215402	10.4	42.120952
620837.1234	22.114229	10.356996	-0.036026	32.509113	20.747111	85.215477	10.4	42.13273
620837.491	22.184158	10.372905	-0.031276	32.479292	20.812678	85.212734	10.4	42.12136
620839.511	22.245944	10.359938	-0.052157	32.529546	20.804529	85.2161	10.4	42.146528
620839.8411	22.23246	10.364338	-0.051421	32.532154	20.749958	85.207806	10.4	42.14653
620841.937	22.175279	10.357943	-0.03923	32.530683	20.833422	85.20961	10.4	42.176879
620843.2521	22.22765	10.372611	-0.031034	32.552177	20.754033	85.2092	10.4	42.178879
620844.3261	22.206562	10.394974	-0.016729	32.523847	20.816266	85.211032	10.4	42.160161
620844.6763	22.208782	10.405183	-0.009213	32.574548	20.816266	85.211032	10.4	42.150273
620846.622	22.223211	10.374656	0.006219	32.564359	20.805153	85.20563	10.4	42.195449
620848.893	22.253713	10.379216	0.022135	32.524443	20.763294	85.209424	10.4	42.209085
620849.177	22.202862	10.392334	0.011816	32.577509	20.799967	85.217597	10.4	42.197131
620852.7481	22.171043	10.412635	-0.060147	32.575107	20.758595	85.210716	10.4	42.168319
620853.0641	22.156984	10.416851	-0.059123	32.594497	20.688345	85.205044	10.4	42.162478
620855.284	22.302548	10.394924	-0.056105	32.600904	20.806518	85.213589	10.4	42.185397
620855.569	22.233735	10.408326	-0.058033	32.548285	20.806518	85.213589	10.4	42.172033
620857.701	22.099633	10.418276	-0.061489	32.603158	20.812562	85.212194	10.4	42.15391
620858.1381	22.203067	10.415568	-0.061218	32.596285	20.670679	85.211525	10.4	42.154371
620861.8801	22.192337	10.425576	-0.010312	32.580005	20.751947	85.214389	10.4	42.120884
620862.145	22.257082	10.425275	-0.018992	32.605766	20.79985	85.217271	10.4	42.118881
620864.8933	22.2778	10.405611	0.027192	32.592783	20.704275	85.211348	10.4	42.129075
620865.3582	22.289434	10.420237	0.023448	32.547428	20.606723	85.20934	10.4	42.111794
620867.1756	22.244669	10.395829	0.024249	32.541821	20.848376	85.208531	10.4	42.135651
620867.501	22.261113	10.385972	0.025748	32.580285	20.768247	85.211404	10.4	42.146702
620869.411	22.22765	10.378336	0.013855	32.551004	20.734282	85.208977	10.4	42.159707
620869.9702	22.205452	10.398419	0.010326	32.552382	20.677231	85.209117	10.4	42.141964
620871.4111	22.292024	10.397103	0.000575	32.559982	20.739215	85.214156	10.4	42.144453
620871.857	22.266497	10.412794	-0.000357	32.513379	20.742686	85.211432	10.4	42.127753
620874.088	22.254658	10.373852	-0.001502	32.531018	20.82578	85.213896	10.4	42.17561
620874.492	22.296093	10.364791	0.000174	32.547074	20.725021	85.217587	10.4	42.188454
620876.156	22.241544	10.354674	0.01827	32.535525	20.774661	85.215523	10.4	42.218893
620877.5581	22.221566	10.352956	0.015904	32.509467	20.7654	85.213673	10.4	42.238456
620878.7211	22.203972	10.360374	0.026819	32.551321	20.662783	85.21438	10.4	42.249163
620879.318	22.133879	10.379191	0.01623	32.547279	20.789108	85.214026	10.4	42.236838
620880.527	22.210836	10.397011	0.001795	32.530049	20.705387	85.211655	10.4	42.222208
620881.6103	22.301477	10.36283	-0.010331	32.557374	20.768109	85.212734	10.4	42.264162
620469.7838	22.06841	11.161826	-0.000543	34.347842	20.695198	85.220061	11.1	45.290346
620470.446	22.172752	11.140821	0.003462	34.329625	20.645554	85.214166	11.1	45.299823
620472.2441	22.137972	11.142321	0.007122	34.328247	20.57442	85.22007	11.1	45.271218
620472.835	22.20494	11.153126	0.00538	34.312619	20.516132	85.225026	11.1	45.251548
620474.789	22.106355	11.174298	-0.050927	34.280097	20.608506	85.223762	11.1	45.185547
620476.529	22.141876	11.170049	-0.039612	34.284046	20.643702	85.222692	11.1	45.151185
620476.811	22.132256	11.158557	-0.034145	34.279203	20.608624	85.222562	11.1	45.156627
620478.1627	22.145742	11.100973	-0.011514	34.243813	20.546262	85.226272	11.1	45.198733
620480.235	22.058457	11.103781	-0.008487	34.18771	20.57405	85.223752	11.1	45.18939
620481.4591	22.169459	11.115382	-0.007975	34.206244	20.558	85.222692	11.1	45.169923
620481.7656	22.177395	11.116178	-0.006373	34.217997	20.615427	85.225268	11.1	45.167326
620483.713	22.097105	11.136764	0.020831	34.243217	20.707305	85.223827	11.1	45.141719
620485.1891	22.032925	11.146127	0.015904	34.182253	20.571827	85.223092	11.1	45.108132
620486.952	22.050316	11.12332	0.002288	34.186816	20.608624	85.215458	11.1	45.121003
620487.573	22.201278	11.127058	-0.007854	34.192665	20.599984	85.211748	11.1	45.112575
620488.793	22.126744	11.141751	-0.027784	34.199817	20.684084	85.216797	11.1	45.083132
620490.5761	22.022194	11.131132	-0.044501	34.185848	20.552308	85.21491	11.1	45.068224
620491.1821	22.1147	11.124049	-0.041558	34.191603	20.53107	85.213747	11.1	45.069769
620492.698	22.103063	11.137577	-0.044594	34.15612	20.648148	85.213887	11.1	45.041202
620493.334	22.101583	11.139907	-0.044743	34.163459	20.560341	85.217374	11.1	45.031645
620493.765	22.103267	11.156654	-0.052622	34.140343	20.618509	85.215979	11.1	45.007874
620496.2943	22.132294	11.156043	-0.051309	34.165508	20.559229	85.220656	11.1	44.960905
620496.7953	22.135624	11.144903	-0.050331	34.127007	20.656921	85.220154	11.1	44.964019
620498.717	22.063305	11.116187	-0.056757	34.148073	20.547996	85.221279	11.1	44.963319
620499.446	22.171143	11.07706	-0.049633	34.127398	20.639509	85.222692	11.1	45.00304
620501.024	22.117697	11.083874	-0.017996	34.080124	20.63444	85.224208	11.1	45.014963
620501.445	22.209086	11.086992	-0.014913	34.076212	20.630988	85.22604	11.1	45.009951
620503.814	22.119177	11.124057	-0.004836	34.107747	20.679032	85.220786	11.1	44.965805
620504.8861	22.151738	11.128198	0.011322	34.106853	20.612093	85.221223	11.1	44.955624
620505.744	22.074572	11.126387	0.023681	34.091523	20.637909	85.221893	11.1	44.951488
620507.0801	22.223145	11.130696	0.039169	34.143305	20.661737	85.224496	11.1	44.939117
620507.527	22.081066	11.151986	0.037753	34.086233	20.676438	85.227927	11.1	44.912102
620510.126	22.148612	11.152002	0.073982	34.151407	20.587152	85.216964	11.1	44.859345
620510.5641	22.090151	11.140368	0.083472	34.130508	20.591109	85.217513	11.1	44.864414
620512.8541	22.106431	11.152941	0.088557	34.118569	20.719294	85.216658	11.1	44.807034
620513.8562	22.221499	11.150393	0.080296	34.108287	20.717072	85.218052	11.1	44.790978
620514.6652	22.099031	11.143696	0.060654	34.113018	20.645571	85.217857	11.1	44.785289
620515.0301	22.229434	11.141844	0.050205	34.112459	20.68373	85.218666	11.1	44.781727
620518.0091	22.134756	11.151458	0.022703	34.057344	20.744367	85.214835	11.1	44.722422
620518.291	22.140842	11.137192	0.023523	34.085749	20.744367	85.214835	11.1	44.733112
620520.23	22.133646	11.14	0.038945	34.049111	20.655086	85.214073	11.1	44.705271
620521.882	22.146596	11.139337	0.037595	34.007313	20.618037	85.216983	11.1	44.6884
620522.3733	22.159916	11.156545	0.026931	34.03108	20.751153	85.219317	11.1	44.663137
620523.973	22.25019	11.158834	0.003574	34.052128	20.629405	85.225203	11.1	44.629104
620524.2533	22.193049	11.147627	0.001553	34.008915	20.629405	85.225203	11.1	44.635309
620525.794	22.092205	11.155439	0.000947	34.044454	20.637673	85.223036	11.1	44.601642
620527.443	22.243735	11.125507	0.002363	34.033521	20.660155	85.221223	11.1	44.606934
620527.8651	22.173975	11.130335	0.000873	34.049297	20.680531	85.222339	11.1	44.598401
620529.8	22.120734	11.150418	-0.050443	33.974866	20.624471	85.223334	11.1	44.551277
620530.1051	22.227086	11.144199	-0.056217	34.014708	20.635956	85.214417	11.1	44.553209
620531.815	22.019513	11.150066	-0.097549	33.966205	20.729567	85.215309	11.1	44.523367
620533.4501	22.226347	11.122968	-0.083971	33.944151	20.655473	85.215049	11.1	44.527642
620534.293	22.13681	11.118877	-0.061274	33.922693	20.754134	85.211878	11.1	44.52533
620536.136	22.161434	11.10897	-0.009875	33.946498	20.696225	85.20894	11.1	44.530071
620536.4431	22.183633	11.125138	0.002214	33.908947	20.715489	85.215003	11.1	44.512478
620537.2561	22.127024	11.139136	-0.000738	33.934428	20.731789	85.220191	11.1	44.488652
620539.132	22.188813	11.108827	0.035686	33.940258	20.766864	85.214435	11.1	44.503882
620540.5931	22.156828	11.114175	0.029083	33.934521	20.875028	85.218117	11.1	44.495678
620542.575	22.27633	11.076842	0.023113	33.941264	20.680918	85.220461	11.1	44.539006
620543.2751	22.198267	11.071528	0.022303	33.942903	20.662024	85.221139	11.1	44.550799
620544.807	22.133518	11.079331	0.012039	33.948603	20.691662	85.22033	11.1	44.559433
620547.043	22.2166	11.032007	-0.02513	33.876593	20.651533	85.220953	11.1	44.643042
620547.9391	22.279864	11.046399	-0.0433	33.902316	20.673762	85.220014	11.1	44.645257
620550.002	22.159827	11.048813	-0.054317	33.902632	20.739216	85.216072	11.1	44.67813
620550.264	22.103012	11.046617	-0.05333	33.926549	20.750447	85.21278	11.1	44.68488
620551.4867	22.216434	11.042141	-0.06866	33.963578	20.707727	85.217271	11.1	44.711836
620553.1697	22.244182	11.032904	-0.092204	33.931615	20.710691	85.227351	11.1	44.754274
620554.539	22.219764	11.047354	-0.087295	33.954302	20.735141	85.218257	11.1	44.771219
620555.115	22.19777	11.054001	-0.090956	33.957525	20.688093	85.220052	11.1	44.773818
620556.832	22.165951	11.052208	-0.055696	33.941357	20.655491	85.220516	11.1	44.811896
620557.4771	22.149837	11.047371	-0.055575	33.929864	20.66797	85.223139	11.1	44.828029
620562.227	22.210719	11.043893	-0.100287	34.021972	20.607464	85.213124	11.1	44.923196
620562.7124	22.203319	11.042501	-0.108241	34.015099	20.666	85.220237	11.1	44.933858
620563.8411	22.228848	11.061788	-0.108222	34.017166	20.643889	85.21795	11.1	44.935321
620565.2321	22.263254	11.076783	-0.09022	34.027616	20.695755	85.215635	11.1	44.937541
620565.588	22.161345	11.080446	-0.078569	34.020128	20.618208	85.215449	11.1	44.936538
620569.592	22.156536	11.061788	-0.001753	34.074964	20.672668	85.218434	11.1	44.997864
620569.906	22.187245	11.069835	-0.00641	34.039574	20.672668	85.218434	11.1	44.993409
620571.329	22.143216	11.078611	-0.014848	34.07679	20.65081	85.220163	11.1	44.996814
620574.3371	22.096595	11.072626	-0.062206	34.050955	20.841591	85.218248	11.1	45.030179
620575.429	22.148026	11.076389	-0.085489	34.094876	20.653404	85.218694	11.1	45.036427
620575.972	22.15822	11.067773	-0.093871	34.063789	20.661184	85.225314	11.1	45.050068
620576.9928	22.14638	11.070187	-0.102904	34.092455	20.634139	85.218694	11.1	45.058978
620580.3071	22.029085	11.059215	-0.103296	34.059709	20.764542	85.221976	11.1	45.123228
620581.413	22.057743	11.055703	-0.116567	34.116408	20.793942	85.224254	11.1	45.141507
620581.719	22.101609	11.036357	-0.108222	34.074406	20.682066	85.222469	11.1	45.166653
620583.624	22.13343	11.095022	-0.114695	34.108641	20.719112	85.215179	11.1	45.130685
620583.987	22.10864	11.102063	-0.100958	34.089307	20.72504	85.219986	11.1	45.124713
620585.587	22.070898	11.045292	-0.090415	34.094932	20.782459	85.210047	11.1	45.185627
620585.9611	22.053341	11.043633	-0.083393	34.090238	20.787021	85.20961	11.1	45.194573
620588.4649	22.129195	11.047698	-0.055686	34.095621	20.704294	85.219494	11.1	45.238239
620589.636	22.210592	11.037254	-0.066555	34.078876	20.798017	85.216964	11.1	45.276575
620590.2151	22.059632	11.05111	-0.067607	34.11991	20.738005	85.217913	11.1	45.272552
620591.908	22.134005	11.074478	-0.066192	34.091281	20.753447	85.221139	11.1	45.28592
620592.417	22.185599	11.096162	-0.067225	34.144497	20.662431	85.219094	11.1	45.26633
620595.605	22.089029	11.057639	-0.04791	34.132967	20.802092	85.211302	11.1	45.361875
620597.5784	22.069418	11.064093	-0.081205	34.12533	20.67725	85.208698	11.1	45.376832
620597.965	22.019464	11.050389	-0.085377	34.125703	20.732702	85.212827	11.1	45.396375
620600.6741	22.088659	11.084319	-0.08615	34.131347	20.796671	85.212334	11.1	45.389553
620601.2781	22.12085	11.119782	-0.09795	34.131589	20.653675	85.214389	11.1	45.353112
620053.7497	22.070732	11.862386	0.075621	35.575977	20.603876	85.220182	11.875	47.646619
620054.3902	22.104571	11.894689	0.075099	35.557257	20.584863	85.224701	11.875	47.614781
620054.9591	22.127344	11.909852	0.067677	35.545728	20.630804	85.222292	11.875	47.59341
620056.7601	22.114394	11.903381	0.043509	35.53159	20.575348	85.219001	11.875	47.583004
620058.605	22.130674	11.817995	0.025618	35.523171	20.643889	85.226728	11.875	47.687994
620059.278	22.089973	11.824969	0.018913	35.545653	20.608693	85.221307	11.875	47.695407
620060.58	22.022998	11.824885	0.002698	35.530845	20.640067	85.221409	11.875	47.712915
620062.4804	22.063332	11.840199	-0.035598	35.489867	20.62203	85.221893	11.875	47.723326
620062.933	22.090343	11.839981	-0.042564	35.534962	20.568191	85.21861	11.875	47.728862
620065.5571	21.90495	11.81952	-0.040534	35.526133	20.669705	85.226579	11.875	47.783663
620065.976	22.147324	11.788005	-0.038205	35.523693	20.645741	85.227537	11.875	47.824082
620067.542	22.101646	11.790586	-0.054541	35.496982	20.659819	85.224654	11.875	47.863149
620069.5891	22.124587	11.795406	-0.086644	35.500372	20.605611	85.219968	11.875	47.910264
620070.193	22.043923	11.792564	-0.096218	35.513783	20.605611	85.223139	11.875	47.928922
620072.101	22.015263	11.760168	-0.114425	35.505364	20.569673	85.222869	11.875	48.032249
620072.403	21.92793	11.765818	-0.120302	35.532838	20.671304	85.230531	11.875	48.037842
620074.827	22.136259	11.75591	-0.163003	35.545281	20.628211	85.225658	11.875	48.133699
620075.1172	22.021351	11.761157	-0.162565	35.556624	20.655374	85.224254	11.875	48.139658
620075.9293	22.181399	11.783436	-0.157694	35.597118	20.667599	85.22921	11.875	48.14639
620077.5367	22.108139	11.820216	-0.14798	35.563534	20.62006	85.230215	11.875	48.148172
620079.901	22.006752	11.82196	-0.115179	35.620289	20.533733	85.231144	11.875	48.185468
620080.5461	21.978628	11.813184	-0.104562	35.572065	20.565597	85.231024	11.875	48.206884
620082.3551	22.173461	11.810661	-0.055938	35.585532	20.649699	85.220554	11.875	48.249508
620084.7091	22.076688	11.889124	-0.03598	35.572717	20.529658	85.225156	11.875	48.182722
620085.022	22.186948	11.881949	-0.037144	35.622599	20.773062	85.222878	11.875	48.189081
620086.2031	22.161992	11.878663	-0.019635	35.63072	20.573125	85.223046	11.875	48.190599
620087.7002	22.217287	11.89733	-0.049176	35.631186	20.597695	85.220916	11.875	48.163929
620089.263	22.162159	11.912903	-0.076688	35.67805	20.59746	85.226598	11.875	48.133839
620089.694	22.151262	11.926205	-0.078159	35.677901	20.749354	85.223576	11.875	48.114379
620092.111	22.08022	11.925593	-0.096506	35.655978	20.639073	85.222915	11.875	48.074321
620092.413	22.129802	11.924495	-0.098695	35.605537	20.65822	85.22021	11.875	48.070401
620094.911	22.057852	11.909316	-0.10744	35.618948	20.652292	85.217095	11.875	48.048757
620095.18	22.08281	11.911277	-0.093815	35.64998	20.612027	85.224924	11.875	48.043991
620097.574	22.063199	11.940019	-0.013674	35.674399	20.685264	85.22829	11.875	47.974222
620098.017	22.097241	11.937186	-0.002042	35.679521	20.533733	85.227388	11.875	47.967686
620100.252	22.000663	11.935216	0.032594	35.658772	20.658708	85.222562	11.875	47.916814
620100.691	22.137942	11.931276	0.032808	35.676578	20.624994	85.229768	11.875	47.912178
620101.6655	21.998849	11.931444	0.040966	35.662609	20.594614	85.227341	11.875	47.893787
620104.1611	22.001976	11.938493	0.056156	35.61133	20.581764	85.227974	11.875	47.827017
620106.02	22.08207	11.985423	0.071178	35.623288	20.627958	85.230038	11.875	47.723865
620106.632	22.073763	11.965123	0.070545	35.586985	20.600912	85.22948	11.875	47.723119
620108.496	22.116517	11.924278	0.075695	35.568713	20.602394	85.228615	11.875	47.721622
620109.2241	21.995518	11.923749	0.06722	35.564801	20.589544	85.237504	11.875	47.715075
620110.9681	22.127044	11.921059	0.026251	35.559399	20.539156	85.229517	11.875	47.683918
620111.267	22.056001	11.93421	0.014554	35.574468	20.507914	85.23027	11.875	47.665802
620114.0042	22.01217	11.947562	-0.053805	35.556177	20.6014	85.225742	11.875	47.590975
620114.613	22.141677	11.950295	-0.053321	35.570166	20.594243	85.224338	11.875	47.574355
620117.0391	22.151262	11.930363	-0.036073	35.539674	20.603994	85.225882	11.875	47.549661
620117.2931	22.186411	11.93369	-0.037703	35.544722	20.488882	85.225556	11.875	47.541481
620118.5162	22.104474	11.904127	-0.046699	35.507115	20.650675	85.229368	11.875	47.555015
620120.754	22.138312	11.943615	-0.041204	35.527064	20.49754	85.224933	11.875	47.473156
620121.2191	22.07689	11.964519	-0.040925	35.52658	20.652157	85.220293	11.875	47.439613
620122.8851	22.170132	11.889711	-0.001316	35.515739	20.623259	85.226653	11.875	47.491551
620123.207	22.051191	11.885587	0.000258	35.483664	20.665123	85.224496	11.875	47.494228
620125.1013	22.068952	11.88277	-0.0041	35.526542	20.541749	85.224208	11.875	47.490236
620125.3611	22.170334	11.86692	0.005893	35.481261	20.541749	85.224208	11.875	47.506225
620127.162	22.102994	11.844993	0.036673	35.485359	20.628075	85.223938	11.875	47.542152
620127.589	22.085233	11.84843	0.027676	35.489103	20.541749	85.223669	11.875	47.542765
620130.019	22.116314	11.829344	0.020598	35.523208	20.603994	85.226244	11.875	47.581234
620132.796	22.132965	11.814818	0.023364	35.474556	20.640925	85.226291	11.875	47.637478
620133.219	22.090413	11.819764	0.031085	35.46731	20.557311	85.224478	11.875	47.639079
620134.8782	22.06912	11.793335	0.017525	35.481876	20.643636	85.223092	11.875	47.689042
620135.2111	22.138515	11.7758	0.018661	35.431212	20.652039	85.220823	11.875	47.716556
620136.979	22.028249	11.812983	-0.024208	35.444232	20.627335	85.224152	11.875	47.721064
620138.703	22.065252	11.792548	-0.06364	35.470644	20.58461	85.223762	11.875	47.782224
620139.8612	22.047288	11.770738	-0.098471	35.459748	20.71032	85.215402	11.875	47.841333
620140.1121	22.009747	11.770168	-0.099514	35.453583	20.623142	85.225844	11.875	47.850592
620141.7519	22.089841	11.748098	-0.139533	35.487036	20.586463	85.222692	11.875	47.934314
620144.68	22.026196	11.731645	-0.153801	35.468782	20.654886	85.223269	11.875	48.087255
620144.95	22.026769	11.744863	-0.152861	35.465354	20.601165	85.219308	11.875	48.086615
620146.68	22.028787	11.795314	-0.177298	35.515478	20.640554	85.21438	11.875	48.09489
620149.27	22.013448	11.802589	-0.168991	35.54081	20.574489	85.2214	11.875	48.147955
620149.54	22.064309	11.810552	-0.156418	35.520656	20.624253	85.2198	11.875	48.146184
620150.8207	22.053579	11.813033	-0.138174	35.556345	20.674521	85.221623	11.875	48.171553
620152.7891	22.161992	11.873114	-0.089587	35.58475	20.629576	85.227304	11.875	48.124014
620154.692	22.035817	11.871052	-0.050033	35.570985	20.584746	85.218034	11.875	48.130676
620156.425	22.144232	11.941536	-0.007081	35.616061	20.568561	85.21782	11.875	48.044851
620156.8521	21.979738	11.941175	-0.00316	35.635079	20.568561	85.21782	11.875	48.03544
620158.821	22.124049	11.904815	0.030265	35.599875	20.590791	85.22431	11.875	48.043666
620159.8841	22.113892	11.904337	0.015876	35.644671	20.661925	85.220554	11.875	48.034374
620160.5791	22.034337	11.936624	0.011769	35.617812	20.58968	85.225965	11.875	47.991159
620161.827	22.100571	11.940061	-0.020278	35.633142	20.663289	85.222246	11.875	47.960452
620163.5662	22.009174	11.950756	-0.05875	35.669389	20.599195	85.220656	11.875	47.908423
620164.55	22.161992	11.976891	-0.079128	35.650688	20.66984	85.220516	11.875	47.853103
620164.8341	22.124252	11.978282	-0.081484	35.613174	20.584746	85.221446	11.875	47.84205
620166.6151	22.023773	11.984627	-0.075961	35.622785	20.524606	85.221753	11.875	47.770992
620166.96	22.083718	11.981048	-0.081708	35.622636	20.559805	85.224617	11.875	47.762145
620169.806	22.168652	11.968484	-0.072124	35.57322	20.640202	85.224385	11.875	47.684856
620171.116	22.091321	11.969825	-0.044408	35.592722	20.533128	85.222469	11.875	47.644535
620171.646	22.142752	12.002095	-0.044985	35.587525	20.634392	85.223362	11.875	47.593057
620172.812	22.150892	11.988449	-0.032431	35.561374	20.676138	85.227499	11.875	47.557638
620174.5805	22.03454	11.921704	0.000463	35.560238	20.591551	85.219624	11.875	47.582446
620175.081	22.169022	11.909391	0.004645	35.494393	20.688364	85.220879	11.875	47.586412
620176.819	22.20565	11.838246	-0.000301	35.502067	20.719112	85.22033	11.875	47.662995
620177.169	22.022866	11.860885	-0.004119	35.494225	20.672687	85.22033	11.875	47.642703
620179.1272	22.062459	11.83087	-0.023267	35.455203	20.575249	85.219112	11.875	47.700832
620179.8701	22.038407	11.814592	-0.032878	35.489587	20.661573	85.226914	11.875	47.731582
620182.24	22.105954	11.75995	-0.069014	35.46541	20.687018	85.220833	11.875	47.865122
620182.6381	22.152372	11.780754	-0.076092	35.455892	20.632675	85.232177	11.875	47.858303
620184.713	22.075243	11.750596	-0.094485	35.447752	20.576614	85.221586	11.875	47.969088
624205.8257	23.267844	10.525447	-0.118662	31.838524	20.926668	85.176312	10.4	42.037208
624206.427	23.330657	10.514039	-0.104124	31.826435	20.925071	85.178274	10.4	42.024511
624208.0901	23.317721	10.487913	-0.090918	31.80047	20.984332	85.17555	10.4	41.996943
624208.528	23.215899	10.48777	-0.082806	31.762528	20.907292	85.176145	10.4	41.984767
624210.919	23.371879	10.507945	-0.074443	31.731869	20.989517	85.172091	10.4	41.89632
624211.356	23.237708	10.501173	-0.067719	31.761596	20.862473	85.172593	10.4	41.888308
624212.4277	23.295913	10.487016	-0.03082	31.708325	20.986184	85.168	10.4	41.869254
624214.414	23.272257	10.458241	0.000659	31.687854	20.917038	85.175606	10.4	41.84824
624215.9991	23.258212	10.4555	0.002884	31.644864	20.958776	85.175336	10.4	41.822408
624216.869	23.270236	10.447453	-0.003327	31.674816	20.985072	85.17449	10.4	41.815306
624218.09	23.264669	10.449943	-0.008003	31.668986	20.952479	85.178442	10.4	41.790452
624220.8581	23.180586	10.469405	-0.02038	31.627709	20.928404	85.176889	10.4	41.728401
624221.156	23.189828	10.483923	-0.023705	31.634583	20.907292	85.174443	10.4	41.706535
624223.2551	23.172084	10.506043	-0.023668	31.598596	20.947548	85.179065	10.4	41.618774
624223.6151	23.303675	10.484728	-0.030122	31.636892	20.869394	85.176154	10.4	41.628843
624224.6031	23.268365	10.482615	-0.037609	31.63963	20.895926	85.180459	10.4	41.60346
624226.911	23.306436	10.5044	-0.046941	31.629293	20.882104	85.172109	10.4	41.504136
624228.476	23.076142	10.470336	-0.027113	31.625437	20.916922	85.176573	10.4	41.494377
624228.9311	23.397554	10.459641	-0.019458	31.580584	20.931738	85.169218	10.4	41.494645
624230.9941	23.09815	10.47047	-0.003076	31.564845	20.878771	85.170789	10.4	41.436786
624232.518	23.32933	10.472549	0.004924	31.527704	20.913959	85.168967	10.4	41.397299
624232.976	23.141945	10.48321	0.007103	31.535155	20.90273	85.171338	10.4	41.374162
624234.8561	23.252471	10.424395	0.013977	31.466926	20.891364	85.175085	10.4	41.388776
624235.296	23.323612	10.39365	0.020673	31.462288	20.980998	85.171644	10.4	41.418475
624237.336	23.169474	10.339276	0.019071	31.451671	20.911112	85.174759	10.4	41.493025
624237.616	23.110893	10.330928	0.017935	31.456532	20.846174	85.175699	10.4	41.507462
624239.2481	23.324351	10.332169	0.009953	31.425426	20.965443	85.17422	10.4	41.54717
624240.8501	23.179085	10.352763	-0.015761	31.427643	20.989517	85.170668	10.4	41.562769
624242.5172	23.310676	10.32154	-0.042294	31.440774	20.974332	85.17237	10.4	41.623915
624242.822	23.120678	10.316561	-0.04099	31.455359	21.021622	85.173123	10.4	41.637109
624244.9431	23.175389	10.294467	-0.04208	31.480393	20.942595	85.171747	10.4	41.728507
624245.24	23.30624	10.289647	-0.040878	31.44232	20.852588	85.167823	10.4	41.743938
624246.594	23.350224	10.318556	-0.041828	31.485999	20.839507	85.170659	10.4	41.757952
624247.1773	23.104042	10.300376	-0.041828	31.490544	20.846291	85.174685	10.4	41.792785
624249.86	23.170953	10.309747	-0.06472	31.511555	20.934817	85.169115	10.4	41.87388
624251.146	23.345419	10.3233	-0.079389	31.514181	20.949262	85.171803	10.4	41.893821
624251.664	23.271126	10.328791	-0.073773	31.565516	20.913821	85.177344	10.4	41.90143
624253.4101	23.200895	10.352411	-0.087426	31.548696	20.926785	85.173086	10.4	41.911894
624254.008	23.167256	10.376928	-0.097773	31.563392	20.954194	85.173309	10.4	41.893193
624255.05	23.256885	10.38427	-0.114714	31.570973	20.939749	85.168771	10.4	41.892844
624257.5922	23.218638	10.367138	-0.121764	31.624617	20.768363	85.177633	10.4	41.929483
624258.3291	23.318068	10.375369	-0.123254	31.621749	20.920118	85.174806	10.4	41.927737
624258.709	23.186305	10.375604	-0.114201	31.584813	20.907271	85.172333	10.4	41.930273
624259.715	23.343941	10.372972	-0.09808	31.591928	20.894677	85.171207	10.4	41.94249
624263.078	23.354289	10.417412	-0.077312	31.646653	20.852937	85.170315	10.4	41.904809
624264.146	23.321025	10.411067	-0.073223	31.606568	20.775772	85.172723	10.4	41.903508
624264.4181	23.31585	10.405384	-0.072515	31.596491	20.736251	85.176591	10.4	41.908477
624267.4069	23.373508	10.416532	-0.065037	31.618191	20.878242	85.169311	10.4	41.883929
624267.856	23.361312	10.426348	-0.072134	31.581888	20.926648	85.173923	10.4	41.871426
624269.736	23.376835	10.416625	-0.077917	31.649353	20.886391	85.170343	10.4	41.864705
624270.812	23.250057	10.407706	-0.079398	31.647137	20.868611	85.173699	10.4	41.867785
624272.5481	23.387922	10.404303	-0.099356	31.608506	20.780704	85.16972	10.4	41.87192
624273.4641	23.313067	10.408813	-0.105866	31.623388	20.753779	85.168827	10.4	41.866047
624274.7984	23.347637	10.391085	-0.113773	31.567211	20.82576	85.164466	10.4	41.884879
624275.604	23.326026	10.391747	-0.121978	31.570321	20.880094	85.165694	10.4	41.886751
624276.283	23.298283	10.418904	-0.115617	31.5858	20.84625	85.171923	10.4	41.85799
624278.362	23.41712	10.423246	-0.109936	31.633521	20.80328	85.173253	10.4	41.836757
624278.6291	23.2436	10.429734	-0.11314	31.596491	20.818722	85.174462	10.4	41.828517
624279.6661	23.376661	10.419407	-0.096897	31.587216	20.689923	85.174592	10.4	41.830495
624281.957	23.392727	10.430983	-0.086867	31.62825	20.68226	85.174415	10.4	41.798039
624282.266	23.373335	10.440119	-0.08778	31.609549	20.748943	85.172416	10.4	41.785786
624284.21	23.348376	10.428627	-0.11205	31.589171	20.71683	85.1725	10.4	41.769744
624285.71	23.438012	10.428116	-0.106248	31.619812	20.793883	85.173086	10.4	41.755535
624286.668	23.39738	10.429533	-0.088711	31.606568	20.7009	85.177828	10.4	41.745879
624287.565	23.382401	10.443723	-0.078895	31.565329	20.769668	85.174852	10.4	41.724535
624288.763	23.334896	10.445584	-0.063668	31.574177	20.745589	85.168874	10.4	41.708373
624290.1221	23.424903	10.421335	-0.051225	31.561809	20.824121	85.165861	10.4	41.718388
624291.962	23.370204	10.436154	-0.041381	31.601632	20.83227	85.173792	10.4	41.689497
624292.736	23.332331	10.450471	-0.041223	31.604948	20.727924	85.176015	10.4	41.663633
624294.792	23.424903	10.480076	-0.053637	31.599453	20.813983	85.176907	10.4	41.586999
624295.0621	23.405489	10.481056	-0.056348	31.617521	20.764598	85.174583	10.4	41.578955
624297.1664	23.371879	10.445198	-0.05509	31.563541	20.782867	85.172193	10.4	41.577308
624298.998	23.285586	10.478206	-0.050331	31.582391	20.79669	85.168548	10.4	41.50704
624299.554	23.441164	10.47964	-0.038792	31.59217	20.742606	85.168725	10.4	41.49109
624301.8649	23.252493	10.4584	0.021185	31.553539	20.788911	85.175038	10.4	41.448003
624303.2271	23.25619	10.423825	0.052924	31.541283	20.832115	85.174722	10.4	41.464661
624304.1421	23.303306	10.427152	0.064315	31.56397	20.849407	85.170631	10.4	41.454207
624306.1251	23.360052	10.49989	0.038582	31.525655	20.714568	85.172453	10.4	41.337046
624307.476	23.241774	10.475792	0.034019	31.554284	20.817668	85.172109	10.4	41.316911
624307.802	23.307567	10.472482	0.029045	31.484248	20.844826	85.172956	10.4	41.312289
624310.116	23.291674	10.392753	-0.000524	31.457836	20.774698	85.174239	10.4	41.376468
624310.509	23.257668	10.389953	-0.014187	31.432225	20.785675	85.174322	10.4	41.379828
624311.8371	23.290565	10.353676	-0.04072	31.383666	20.754929	85.172416	10.4	41.427925
624313.2171	23.298327	10.305196	-0.055547	31.426786	20.745668	85.176312	10.4	41.506143
624314.3402	23.315873	10.280611	-0.055724	31.417435	20.729738	85.174629	10.4	41.568915
624314.875	23.256559	10.275197	-0.048282	31.370068	20.799381	85.173179	10.4	41.597135
624317.647	23.317917	10.265071	-0.069572	31.406502	20.773198	85.175289	10.4	41.737331
624318.1661	23.243079	10.282682	-0.075188	31.374501	20.753564	85.175103	10.4	41.74053
624320.1304	23.324026	10.364606	-0.098248	31.440048	20.702442	85.174099	10.4	41.716155
624322.129	23.278933	10.351363	-0.124697	31.500919	20.658103	85.172109	10.4	41.754762
624322.498	23.338811	10.363726	-0.126541	31.499876	20.623648	85.166484	10.4	41.747609
624325.365	23.352486	10.424638	-0.100008	31.563932	20.626982	85.17237	10.4	41.683307
624326.558	23.355443	10.45669	-0.076231	31.588184	20.634509	85.170705	10.4	41.634951
624327.976	23.331419	10.459506	-0.039984	31.590792	20.700083	85.173969	10.4	41.603878
624328.5923	23.28226	10.446632	-0.037442	31.569874	20.67575	85.168864	10.4	41.606273
624330.6875	23.249732	10.492472	-0.00357	31.612343	20.570278	85.172509	10.4	41.517174
624331.0411	23.225706	10.47767	0.000174	31.616422	20.586092	85.183714	10.4	41.521245
624332.79	23.285586	10.479774	-0.011262	31.589376	20.495687	85.169813	10.4	41.468804
624333.988	23.351747	10.29735	0.00674	31.571402	20.657832	85.170743	10.4	41.652914
624334.7751	23.330679	10.243756	0.025097	31.489781	20.710691	85.170715	10.4	41.742573
623641.9087	23.089415	12.679805	0.015048	35.843136	20.974835	85.187108	12.6	50.566948
623643.108	23.074257	12.647963	0.014889	35.828999	20.908907	85.188363	12.6	50.570694
623644.286	23.107702	12.652774	0.00172	35.792901	20.883466	85.181752	12.6	50.548843
623645.279	23.065927	12.645582	-0.018061	35.801674	20.862236	85.18535	12.6	50.537745
623645.833	23.108615	12.63233	-0.022392	35.797129	20.844944	85.186429	12.6	50.544083
623648.364	23.096415	12.670435	-0.039798	35.768351	20.905456	85.179966	12.6	50.46466
623648.797	23.065731	12.663117	-0.0357	35.767531	20.855568	85.189692	12.6	50.462417
623649.8617	23.018039	12.696519	-0.047351	35.746372	20.849642	85.187154	12.6	50.401408
623651.506	23.071646	12.670929	-0.056944	35.733557	20.824083	85.182384	12.6	50.373948
623653.388	22.982916	12.620856	-0.050965	35.716886	20.869274	85.188093	12.6	50.401489
623653.6621	23.115442	12.618995	-0.051859	35.681757	20.841746	85.185982	12.6	50.401447
623655.9234	23.075886	12.654182	-0.090797	35.63154	20.810884	85.186531	12.6	50.337809
623656.196	23.148713	12.654526	-0.099943	35.63167	20.877423	85.190613	12.6	50.331071
623657.7574	23.09511	12.635021	-0.121401	35.642604	20.944094	85.185955	12.6	50.324554
623659.7108	23.080126	12.631517	-0.142393	35.660653	20.831491	85.184225	12.6	50.301549
623660.2621	23.146864	12.656076	-0.131775	35.65594	20.855822	85.181928	12.6	50.269772
623661.691	23.122813	12.657493	-0.134812	35.636997	20.820749	85.172333	12.6	50.240417
623663.687	23.167173	12.64813	-0.119761	35.627367	20.808408	85.174806	12.6	50.209469
623664.206	23.105068	12.65264	-0.111761	35.650185	20.894091	85.17872	12.6	50.196282
623667.4623	23.249604	12.651181	-0.062196	35.650855	20.744068	85.17912	12.6	50.138073
623668.318	23.192853	12.656881	-0.034471	35.64143	20.868903	85.181175	12.6	50.116879
623669.253	23.167173	12.675514	-0.03313	35.635861	20.894091	85.182905	12.6	50.075504
623670.886	23.15256	12.679269	-0.013954	35.592666	20.793708	85.185025	12.6	50.030738
623671.453	23.205594	12.69268	-0.016897	35.581472	20.844456	85.184086	12.6	50.001436
623673.075	23.349944	12.688539	-0.016645	35.560927	20.865569	85.18602	12.6	49.954563
623674.841	23.29672	12.682387	-0.004613	35.543325	20.964952	85.189293	12.6	49.913851
623675.606	23.166434	12.675288	-0.00316	35.566589	20.881867	85.187638	12.6	49.901315
623676.8401	23.32905	12.664131	-0.001968	35.545001	20.940878	85.184253	12.6	49.8848
623678.1321	23.208182	12.656646	-0.018806	35.502551	20.848277	85.183602	12.6	49.866129
623679.6612	23.302981	12.658222	-0.032189	35.556754	20.873095	85.185006	12.6	49.833981
623680.115	23.288023	12.65782	-0.02635	35.549024	20.802833	85.186261	12.6	49.825487
623682.039	23.320722	12.65668	-0.025307	35.525853	20.917173	85.176944	12.6	49.792011
623684.712	23.333855	12.663603	-0.03204	35.472712	20.94581	85.17965	12.6	49.753055
623684.9893	23.359357	12.6587	-0.036799	35.538612	20.892726	85.17992	12.6	49.751788
623686.6211	23.280434	12.645884	-0.038625	35.526226	20.892473	85.186038	12.6	49.734144
623688.392	23.248103	12.621694	-0.030233	35.507525	20.825429	85.181166	12.6	49.727901
623690.1451	23.142186	12.669823	-0.010256	35.494058	20.816168	85.182961	12.6	49.665258
623691.098	23.374858	12.650662	-0.003085	35.548205	20.931735	85.183844	12.6	49.661873
623691.716	23.173608	12.645901	0.007215	35.52874	20.92692	85.180543	12.6	49.657227
623693.5499	23.214096	12.662857	0.02248	35.518663	20.964817	85.185118	12.6	49.607591
623695.3281	23.285066	12.632791	0.037148	35.526095	20.814063	85.182068	12.6	49.602403
623696.114	23.209487	12.628751	0.046442	35.475897	20.932964	85.19092	12.6	49.598668
623697.3561	23.181763	12.620009	0.038414	35.513783	20.759238	85.18323	12.6	49.596229
623698.318	23.291327	12.659446	0.031159	35.475487	20.918518	85.178274	12.6	49.54333
623698.9197	23.408143	12.662304	0.019257	35.499106	20.870366	85.184467	12.6	49.527118
623700.517	23.195071	12.683963	0.001581	35.513373	20.819619	85.184392	12.6	49.458482
623700.799	23.137577	12.680116	0.000258	35.473084	20.833695	85.18032	12.6	49.454793
623702.758	23.245885	12.630428	-0.008981	35.441736	20.908518	85.176275	12.6	49.46567
623703.0252	23.116135	12.615474	-0.009632	35.475487	20.908518	85.176275	12.6	49.478253
623704.902	23.173434	12.575526	-0.024906	35.429052	20.940859	85.182654	12.6	49.517637
623706.499	23.126117	12.51987	-0.041018	35.377475	20.878633	85.177363	12.6	49.600922
623707.288	23.193592	12.495487	-0.042694	35.3473	20.966669	85.186075	12.6	49.649587
623708.214	23.272325	12.465346	-0.056282	35.377344	20.868261	85.182877	12.6	49.716232
623710.945	23.206703	12.428784	-0.089438	35.357992	20.927896	85.179427	12.6	49.887652
623712.0012	23.133707	12.453318	-0.093126	35.361084	20.865298	85.181566	12.6	49.920618
623712.2721	23.264367	12.491364	-0.097996	35.406663	20.865298	85.181566	12.6	49.893641
623714.1103	23.163823	12.552283	-0.148521	35.434137	20.836288	85.177623	12.6	49.865748
623714.8571	23.158844	12.536718	-0.15815	35.444921	20.883077	85.177744	12.6	49.895245
623716.704	23.140361	12.543591	-0.163301	35.426574	20.976533	85.174936	12.6	49.928728
623717.464	23.225185	12.585165	-0.163003	35.417224	20.886041	85.176796	12.6	49.894942
623719.192	23.222424	12.584025	-0.167911	35.471632	20.79874	85.175652	12.6	49.901652
623719.6351	23.165128	12.593572	-0.161019	35.433038	20.995793	85.179753	12.6	49.89374
623721.4471	23.069012	12.634753	-0.120581	35.472842	20.921716	85.178897	12.6	49.847969
623723.3161	23.32555	12.661826	-0.074145	35.51017	20.825528	85.182282	12.6	49.781863
623724.088	23.16678	12.648818	-0.056571	35.527325	20.942576	85.179966	12.6	49.77938
623725.2583	23.125747	12.645934	-0.033735	35.549472	21.024681	85.180999	12.6	49.764061
623727.072	23.186568	12.688984	-0.000804	35.544275	20.910352	85.174536	12.6	49.678728
623727.3271	23.207812	12.68657	0.004775	35.550198	20.910352	85.174536	12.6	49.673717
623729.086	23.166041	12.656445	0.007429	35.520973	20.905419	85.181343	12.6	49.655966
623730.718	23.19231	12.714322	0.004142	35.504917	20.841456	85.185852	12.6	49.554665
623731.0011	23.143514	12.698623	0.002801	35.561877	20.934427	85.187424	12.6	49.560255
623733.477	23.183981	12.688749	-0.010284	35.520321	20.833677	85.181436	12.6	49.502611
623735.215	23.168086	12.663628	-0.028343	35.457066	20.873429	85.174415	12.6	49.478969
623736.19	23.09913	12.612138	-0.050946	35.425811	20.922204	85.175113	12.6	49.519871
623737.3391	23.224076	12.554027	-0.079752	35.415436	20.88146	85.178739	12.6	49.583409
623737.632	23.122247	12.539065	-0.088953	35.424022	20.88146	85.178739	12.6	49.603247
623740.011	23.058094	12.4545	-0.102113	35.363766	21.018249	85.175122	12.6	49.774914
623740.312	23.031106	12.44533	-0.099188	35.312673	20.978132	85.180013	12.6	49.799551
623742.122	23.100979	12.472823	-0.091943	35.32601	20.883312	85.175475	12.6	49.869699
623744.0841	23.130923	12.53044	-0.1008	35.374998	20.997509	85.177623	12.6	49.86269
623745.6611	23.163996	12.577932	-0.099012	35.44358	20.970101	85.1766	12.6	49.84657
623746.1031	23.246798	12.606791	-0.098192	35.445275	20.907388	85.176833	12.6	49.818901
623748.174	23.199484	12.620772	-0.076948	35.441867	20.837128	85.174192	12.6	49.802704
623748.454	23.20355	12.651911	-0.076688	35.481708	20.911951	85.175392	12.6	49.76838
623749.8581	23.158625	12.635205	-0.06418	35.479101	20.966398	85.179065	12.6	49.761984
623751.747	23.310916	12.656764	0.000547	35.531218	20.895653	85.182551	12.6	49.722049
623753.014	23.211855	12.678272	0.04268	35.549639	20.968367	85.182644	12.6	49.669912
623753.6661	23.204462	12.668306	0.056119	35.514789	21.035656	85.175847	12.6	49.665075
623755.8401	23.044023	12.670669	0.106829	35.552396	20.926766	85.178581	12.6	49.604572
623756.1826	23.187632	12.670627	0.109595	35.524382	20.960472	85.176284	12.6	49.596652
623759.141	23.136988	12.702722	0.127309	35.472116	20.94899	85.181612	12.6	49.468434
623760.575	23.178021	12.612516	0.118294	35.472805	20.960472	85.181436	12.6	49.533346
623760.908	23.095388	12.601912	0.103393	35.465243	20.981213	85.182012	12.6	49.54283
623762.5402	23.129768	12.538705	0.040882	35.430244	20.89232	85.176554	12.6	49.624123
623763.8861	23.050655	12.508127	-0.019104	35.376655	20.874052	85.179576	12.6	49.692402
623764.3802	23.260625	12.504464	-0.037861	35.398895	20.924914	85.176786	12.6	49.71144
623764.986	23.158603	12.495362	-0.068771	35.399547	20.944175	85.174536	12.6	49.740306
623767.444	23.117547	12.461373	-0.161438	35.391854	20.94899	85.185564	12.6	49.886242
623768.1845	23.168561	12.497248	-0.18745	35.367845	20.995657	85.183993	12.6	49.880685
623770.032	23.098889	12.542384	-0.228093	35.438011	20.931464	85.182682	12.6	49.875499
623308.6767	22.955706	17.220769	-0.04343	42.669638	20.850889	85.194416	17.1	78.124908
623309.409	23.084735	17.225555	-0.057586	42.611299	20.846444	85.193217	17.1	78.088852
623312.2522	22.893589	17.221791	-0.075775	42.622121	20.835332	85.190976	17.1	77.977304
623312.7571	22.911337	17.230056	-0.078942	42.647994	20.918673	85.194509	17.1	77.948783
623314.1812	22.935542	17.245353	-0.077554	42.650676	20.791738	85.191357	17.1	77.871861
623315.936	22.89561	17.260599	-0.065745	42.654736	20.88175	85.192036	17.1	77.767209
623316.2511	22.978801	17.261035	-0.058033	42.620873	20.897307	85.186038	17.1	77.749624
623318.298	23.010227	17.278947	-0.024142	42.647714	20.83385	85.186438	17.1	77.616434
623318.693	23.004311	17.274061	-0.012669	42.649819	20.83385	85.186438	17.1	77.597991
623322.411	22.970297	17.302727	0.007578	42.593921	20.868903	85.194007	17.1	77.343968
623323.1191	22.983977	17.308485	-0.00044	42.608152	20.807784	85.189851	17.1	77.289638
623323.7162	22.92371	17.304487	-0.007919	42.577325	20.819638	85.190408	17.1	77.25239
623325.1469	22.951982	17.324185	-0.044511	42.604091	20.840011	85.201715	17.1	77.127609
623327.228	22.981191	17.329926	-0.071463	42.536328	20.814081	85.188316	17.1	76.962464
623328.972	22.839208	17.344418	-0.070234	42.539886	20.891128	85.19556	17.1	76.818917
623329.231	22.982498	17.357402	-0.063109	42.565497	20.939279	85.193319	17.1	76.784264
623331.044	22.89837	17.340445	-0.042806	42.584887	20.840011	85.19449	17.1	76.655329
623331.482	23.032211	17.345123	-0.03964	42.588836	20.892609	85.193077	17.1	76.615213
623332.7247	23.002093	17.356639	-0.031891	42.531411	20.836794	85.186159	17.1	76.500169
623334.671	23.058091	17.348911	0.004924	42.511965	20.901128	85.191952	17.1	76.348912
623336.39	23.015377	17.400627	-0.026424	42.560636	20.832096	85.188846	17.1	76.133107
623337.1041	22.979884	17.408859	-0.033251	42.487918	20.790861	85.195402	17.1	76.051771
623338.583	22.977296	17.371542	-0.057298	42.507066	20.779007	85.191124	17.1	75.953833
623339.6544	23.031644	17.363831	-0.049921	42.478474	20.777896	85.192696	17.1	75.866444
623340.0819	22.952524	17.365801	-0.040282	42.477338	20.894578	85.190901	17.1	75.826544
623340.789	22.918138	17.349179	-0.039854	42.463219	20.791602	85.192696	17.1	75.782821
623342.615	22.904458	17.293632	-0.011961	42.445878	20.734184	85.193319	17.1	75.707181
623344.314	23.05215	17.294563	0.004365	42.450218	20.896177	85.197894	17.1	75.597656
623345.8351	22.945129	17.27935	-0.01183	42.399349	20.900739	85.192882	17.1	75.515329
623346.108	23.03608	17.267121	-0.015397	42.398231	20.741086	85.193923	17.1	75.511909
623347.379	23.086531	17.211758	-0.014755	42.422055	20.841104	85.193049	17.1	75.508647
623349.779	23.030337	17.215756	-0.045004	42.368299	20.974681	85.192212	17.1	75.41178
623350.249	22.956393	17.198883	-0.04533	42.329686	20.889121	85.197038	17.1	75.411761
623351.006	22.991517	17.135231	-0.041558	42.321006	20.790726	85.194788	17.1	75.458025
623353.064	23.154552	17.133337	-0.059421	42.296121	20.792442	85.194388	17.1	75.442258
623353.337	22.983211	17.132474	-0.066769	42.240521	20.792442	85.194388	17.1	75.439922
623356.237	23.096143	17.180183	-0.10731	42.259762	20.872453	85.195634	17.1	75.351227
623357.478	23.00113	17.149908	-0.094616	42.250915	20.915167	85.190269	17.1	75.354059
623358.265	23.217935	17.129557	-0.079994	42.22793	20.868496	85.193821	17.1	75.364106
623359.8271	23.026442	17.096348	-0.084893	42.212209	20.875416	85.182421	17.1	75.397959
623360.087	23.079507	17.089206	-0.0875	42.211557	20.806636	85.182598	17.1	75.401859
623362.568	22.999651	17.05111	-0.08669	42.213215	20.849723	85.179697	17.1	75.454212
623363.503	23.040689	17.040432	-0.077051	42.231748	20.808235	85.184169	17.1	75.484223
623364.6171	23.06435	17.073448	-0.083552	42.191329	20.907136	85.18403	17.1	75.461219
623365.0629	23.059888	17.074538	-0.085498	42.238864	20.833795	85.192119	17.1	75.464047
623367.149	22.995017	17.054748	-0.090723	42.222994	20.867132	85.187321	17.1	75.496716
623368.856	23.099272	17.0292	-0.063239	42.226067	20.921699	85.193654	17.1	75.556595
623369.115	22.989841	17.019134	-0.05875	42.231655	20.884659	85.190799	17.1	75.573109
623370.86	23.061194	17.048462	-0.06242	42.198351	20.801315	85.192584	17.1	75.585587
623371.8561	23.043079	17.046333	-0.065568	42.202561	20.84984	85.190892	17.1	75.602766
623373.702	22.978749	17.035227	-0.071603	42.232866	20.809582	85.193207	17.1	75.647036
623374.567	22.994647	17.029276	-0.079323	42.224391	20.866626	85.190055	17.1	75.671762
623376.2843	23.048255	17.005521	-0.083766	42.280997	20.841068	85.181036	17.1	75.738561
623377.489	23.076154	17.005329	-0.094979	42.29586	20.814397	85.191813	17.1	75.776084
623378.191	22.904776	17.018664	-0.100129	42.278184	20.872182	85.188316	17.1	75.783201
623380.0131	22.946754	17.04101	-0.106267	42.329463	20.862552	85.194416	17.1	75.804979
623381.426	22.997974	17.037121	-0.091533	42.300797	20.857484	85.190399	17.1	75.834584
623381.9471	23.030853	17.063155	-0.090471	42.359079	20.936009	85.1884	17.1	75.817754
623385.2091	23.053603	17.177375	-0.112208	42.3512	20.868108	85.18827	17.1	75.691114
623385.471	22.983358	17.162154	-0.115645	42.373272	20.958484	85.191515	17.1	75.700392
623387.192	22.985378	17.158491	-0.091142	42.330264	20.941447	85.192212	17.1	75.673277
623388.621	23.006083	17.179798	-0.066592	42.327823	20.963417	85.186317	17.1	75.614791
623388.951	22.981681	17.200677	-0.056227	42.331102	20.83674	85.18681	17.1	75.583987
623390.9041	22.858556	17.250231	-0.043831	42.359619	20.982306	85.184169	17.1	75.451233
623391.314	23.002755	17.242494	-0.035207	42.362636	20.857484	85.183574	17.1	75.439689
623394.261	23.115883	17.305811	0.003602	42.329556	20.779577	85.192045	17.1	75.212632
623394.527	22.963195	17.300011	0.00199	42.381188	20.779577	85.192045	17.1	75.200185
623396.743	23.08335	17.264505	0.015727	42.335162	20.934645	85.195894	17.1	75.08939
623398.991	23.011998	17.253181	-0.0018	42.304261	20.876745	85.201222	17.1	74.972645
623399.2721	23.004036	17.244908	0.007793	42.368131	20.85415	85.196722	17.1	74.966478
623401.2041	22.984441	17.197869	0.031886	42.315251	20.878227	85.195709	17.1	74.939354
623401.9481	23.001079	17.210174	0.032454	42.323819	20.907488	85.189683	17.1	74.898547
623402.5007	22.97224	17.203024	0.033208	42.29288	20.800068	85.193449	17.1	74.886319
623406.01	22.958363	17.201323	-0.023984	42.290179	20.910334	85.194909	17.1	74.734601
623406.4241	22.953556	17.21154	-0.029684	42.246761	20.982677	85.192528	17.1	74.718615
623408.6451	22.926566	17.140009	-0.036632	42.279376	20.842667	85.195048	17.1	74.732065
623409.222	23.044309	17.135784	-0.034527	42.22942	21.006633	85.197745	17.1	74.729897
623409.666	22.942267	17.13477	-0.032748	42.279041	20.907488	85.190167	17.1	74.725847
623412.2891	22.935981	17.143429	-0.060054	42.243855	20.905636	85.199102	17.1	74.690385
623412.5481	22.883477	17.130135	-0.067654	42.231487	20.891814	85.187284	17.1	74.700196
623415.298	22.946506	17.085719	-0.081521	42.169052	20.753393	85.17965	17.1	74.725555
623416.4359	22.96164	17.098116	-0.066955	42.148283	20.894524	85.17965	17.1	74.713979
623417.676	22.977736	17.049669	-0.067263	42.145545	20.921816	85.18866	17.1	74.770356
623418.706	22.983282	17.065645	-0.075607	42.158882	20.803284	85.186215	17.1	74.76776
623420.5722	23.097151	17.041295	-0.089335	42.124404	20.880331	85.190966	17.1	74.831811
623420.868	23.063139	17.05557	-0.092958	42.169145	20.798469	85.185313	17.1	74.822966
623422.8723	22.985303	17.043055	-0.111873	42.133009	20.892555	85.192835	17.1	74.861452
623423.397	23.04426	17.036543	-0.111705	42.087449	20.995775	85.190102	17.1	74.879023
623424.497	23.06829	17.03034	-0.076995	42.081749	20.907253	85.192473	17.1	74.912842
623425.9611	23.011528	17.041052	-0.059812	42.110751	20.968367	85.186782	17.1	74.943923
623426.362	22.953876	17.032704	-0.068026	42.124981	21.05244	85.19012	17.1	74.960514
623427.928	23.057939	17.006452	-0.05998	42.128371	20.828609	85.184216	17.1	75.027624
623429.499	23.066072	17.005446	-0.058341	42.094062	20.923063	85.18694	17.1	75.081625
623431.0518	23.014313	17.026191	-0.083626	42.131221	20.804531	85.177735	17.1	75.104514
623431.3834	23.040193	17.012772	-0.088283	42.099445	20.956768	85.182505	17.1	75.126579
623433.868	23.036471	17.004943	-0.088739	42.126248	20.936026	85.181343	17.1	75.223658
623434.781	23.055893	17.01879	-0.11123	42.118239	20.879608	85.1884	17.1	75.235215
623436.6803	23.029817	17.018765	-0.107077	42.137014	20.892572	85.186401	17.1	75.289245
623437.07	23.018725	17.028555	-0.110448	42.131054	20.876645	85.184104	17.1	75.288835
623439.2977	22.972313	17.008371	-0.131692	42.141578	20.839486	85.180236	17.1	75.363204
622523.0963	22.752953	14.253634	0.031532	38.557886	20.920277	85.211795	14.1	57.463176
622524.702	22.734463	14.229904	0.03753	38.485447	20.912128	85.197577	14.1	57.408059
622525.2833	22.662552	14.194482	0.036086	38.468385	21.008797	85.199837	14.1	57.421802
622526.804	22.757021	14.191054	0.029371	38.462611	20.949421	85.20112	14.1	57.387605
622528.732	22.784923	14.159547	-0.003085	38.421987	21.023496	85.196508	14.1	57.372548
622529.37	22.735	14.172296	-0.02431	38.401684	20.887936	85.202385	14.1	57.34486
622530.194	22.768652	14.159387	-0.044399	38.374713	20.867564	85.20033	14.1	57.338524
622531.9181	22.763105	14.103044	-0.063025	38.38533	20.835338	85.196192	14.1	57.384442
622532.201	22.779376	14.110043	-0.067347	38.339248	20.958797	85.194026	14.1	57.376567
622533.9372	22.726125	14.103002	-0.076669	38.313246	20.854599	85.200618	14.1	57.379005
622535.395	22.883855	14.061068	-0.106928	38.328408	20.905715	85.192928	14.1	57.428018
622535.868	22.751844	14.050045	-0.110904	38.317362	20.8499	85.194444	14.1	57.446168
622537.688	22.771241	14.078116	-0.125116	38.312985	20.875088	85.197643	14.1	57.441922
622538.274	22.771073	14.093288	-0.12886	38.310619	20.939791	85.198247	14.1	57.428692
622540.3031	22.698962	14.033567	-0.114071	38.350312	20.905831	85.192891	14.1	57.513124
622541.4408	22.826338	14.03847	-0.10554	38.386969	20.875458	85.199307	14.1	57.535707
622541.767	22.77198	14.04816	-0.111426	38.372236	20.974723	85.194649	14.1	57.532264
622543.841	22.736647	14.088493	-0.095147	38.45395	21.130757	85.19331	14.1	57.512468
622544.4173	22.792856	14.103363	-0.083729	38.409787	20.875342	85.201315	14.1	57.498103
622546.341	22.842943	14.15637	-0.057763	38.470248	20.862124	85.20085	14.1	57.424817
622548.271	22.872929	14.192244	-0.03014	38.474067	20.929537	85.197299	14.1	57.34222
622548.514	22.844827	14.198238	-0.028669	38.47537	20.934838	85.193644	14.1	57.328581
622550.377	22.991246	14.23008	-0.02105	38.526612	20.920023	85.194565	14.1	57.227957
622552.797	22.875148	14.232754	-0.023602	38.459445	20.799893	85.199409	14.1	57.126585
622553.2011	22.88624	14.237507	-0.029749	38.454937	20.830384	85.200599	14.1	57.103629
622555.867	22.863685	14.224515	-0.054783	38.446071	20.896063	85.201055	14.1	57.000324
622556.134	22.831515	14.228295	-0.062913	38.379705	20.896063	85.201055	14.1	56.985142
622557.6151	22.765694	14.239376	-0.073363	38.391384	20.91706	85.203231	14.1	56.907952
622558.018	22.801563	14.247037	-0.069274	38.379537	20.989284	85.19662	14.1	56.881084
622560.701	22.692472	14.234732	-0.027598	38.317828	20.915578	85.195681	14.1	56.767364
622561.7803	22.785126	14.234355	-0.01522	38.371416	20.876686	85.201566	14.1	56.71644
622562.5314	22.758131	14.209897	-0.000394	38.367952	20.928426	85.19966	14.1	56.710581
622563.885	22.852592	14.195681	0.020654	38.329898	20.90273	85.201511	14.1	56.681188
622566.9903	22.785698	14.152078	0.011909	38.273795	20.864092	85.204737	14.1	56.646393
622567.2821	22.79511	14.142406	0.005762	38.316897	20.981274	85.200599	14.1	56.651126
622570.583	22.846509	14.145633	-0.052511	38.292608	20.870389	85.201408	14.1	56.58666
622570.918	22.761459	14.14316	-0.052501	38.250586	20.941251	85.200107	14.1	56.584357
622573.2991	22.782537	14.106615	-0.089773	38.22436	20.990512	85.207722	14.1	56.596331
622573.771	22.768855	14.102307	-0.088078	38.249096	20.995697	85.207685	14.1	56.599416
622575.8131	22.825062	14.057849	-0.075067	38.184313	20.90581	85.197689	14.1	56.657502
622577.3211	22.876459	14.105031	-0.079137	38.205492	20.907662	85.202943	14.1	56.621061
622577.5931	22.867788	14.107545	-0.081261	38.142814	20.979771	85.204068	14.1	56.617726
622580.444	22.852258	14.037213	-0.078588	38.169021	21.000141	85.204598	14.1	56.704621
622580.988	22.762604	14.021446	-0.072376	38.165799	21.056922	85.204151	14.1	56.733069
622582.461	22.800859	14.018312	-0.046457	38.126963	20.994332	85.203817	14.1	56.774406
622583.713	22.826911	14.041278	-0.037032	38.113235	21.006924	85.201669	14.1	56.785385
622585.1544	22.768688	14.065896	-0.048422	38.15887	20.892846	85.206262	14.1	56.780345
622585.6871	22.79548	14.049861	-0.050378	38.140932	20.990998	85.20576	14.1	56.803354
622587.7211	22.814171	14.045251	-0.071826	38.171741	20.891364	85.201278	14.1	56.842254
622588.9341	22.825432	14.028814	-0.078169	38.12456	20.882104	85.197373	14.1	56.882592
622589.207	22.853904	14.032427	-0.070141	38.14436	20.864325	85.202385	14.1	56.885356
622591.212	22.916762	14.006309	-0.063165	38.169599	20.929886	85.202533	14.1	56.964345
622592.824	22.810808	13.992051	-0.082527	38.160863	20.836173	85.198424	14.1	57.030407
622593.0878	22.805833	13.994708	-0.083971	38.154716	20.984818	85.201325	14.1	57.037719
622594.842	22.831348	14.001707	-0.093265	38.170195	20.958522	85.198628	14.1	57.091386
622596.91	22.921569	14.020206	-0.106658	38.233711	20.992459	85.207201	14.1	57.134399
622597.951	22.771276	14.002973	-0.113978	38.241106	20.91234	85.203305	14.1	57.17749
622599.4461	22.733187	13.99211	-0.121047	38.287877	20.806402	85.204421	14.1	57.239737
622599.7161	22.843551	13.977768	-0.119072	38.300766	20.806402	85.204421	14.1	57.264494
622601.5281	22.841332	14.022662	-0.107459	38.272081	20.930118	85.204068	14.1	57.280993
622601.807	22.896224	14.026761	-0.106797	38.271001	20.886412	85.202506	14.1	57.283969
622603.7053	22.876459	14.053113	-0.103398	38.30736	20.989866	85.202915	14.1	57.300803
622604.009	22.842978	14.060263	-0.102858	38.327197	20.8853	85.206774	14.1	57.297837
622606.645	22.838004	14.100697	-0.074071	38.325409	20.88493	85.196415	14.1	57.279404
622606.9161	22.959449	14.100169	-0.076753	38.32241	20.795035	85.195848	14.1	57.279959
622608.8092	22.886276	14.120747	-0.040171	38.379966	20.915419	85.198712	14.1	57.251762
622610.299	22.89125	14.131224	-0.015919	38.40608	20.823928	85.194537	14.1	57.227915
622611.783	22.856862	14.141215	-0.021404	38.364245	20.820848	85.19225	14.1	57.199433
622613.0871	22.937098	14.157208	-0.012967	38.410345	20.819367	85.190399	14.1	57.16271
622613.677	22.891989	14.148717	-0.013535	38.401368	20.822563	85.188846	14.1	57.160773
622614.401	22.84856	14.133839	-0.015425	38.383877	20.844672	85.192752	14.1	57.164546
622615.2634	22.932124	14.146907	-0.015975	38.355509	20.771814	85.193244	14.1	57.139852
622617.813	22.920662	14.165573	-0.008859	38.39347	20.873564	85.199772	14.1	57.081349
622618.097	22.76462	14.16958	-0.012827	38.343532	20.941347	85.197512	14.1	57.070999
622620.1472	22.889031	14.163159	-0.029162	38.349437	20.942945	85.200274	14.1	57.040503
622620.521	22.874813	14.151676	-0.030541	38.365716	20.862568	85.200534	14.1	57.044922
622622.9771	22.899957	14.176277	-0.026638	38.306987	20.886274	85.194769	14.1	56.971582
622623.232	22.739474	14.18051	-0.021647	38.361693	20.886274	85.194769	14.1	56.960666
622625.581	22.906612	14.174039	-0.017027	38.332804	20.764775	85.195634	14.1	56.903743
622625.8581	22.926578	14.188154	-0.019523	38.330885	20.903313	85.193189	14.1	56.882315
622627.777	22.812692	14.210215	-0.028669	38.327309	20.860833	85.194342	14.1	56.803679
622628.3841	22.867048	14.223501	-0.041102	38.328631	20.921949	85.197289	14.1	56.766953
622630.426	22.844123	14.224515	-0.057614	38.281264	20.810826	85.202329	14.1	56.686342
622631.059	22.912898	14.21682	-0.06039	38.289441	20.794527	85.193914	14.1	56.669005
622632.5241	22.915319	14.194063	-0.056878	38.275211	20.856017	85.194993	14.1	56.635218
622633.145	22.95209	14.203568	-0.051039	38.256491	20.925029	85.197419	14.1	56.607598
622634.413	22.896832	14.222067	-0.034368	38.240081	20.842058	85.196136	14.1	56.54522
622636.1666	22.904966	14.190124	-0.026918	38.25556	20.833909	85.197113	14.1	56.513266
622636.518	22.783682	14.174743	-0.024515	38.266661	20.825389	85.197113	14.1	56.519081
622639.072	22.808088	14.166286	-0.015546	38.231587	20.939474	85.19993	14.1	56.471136
622639.4419	22.8493	14.151676	-0.015379	38.224565	20.920214	85.199707	14.1	56.477869
622641.0261	22.836191	14.111275	-0.000468	38.233059	20.868845	85.196164	14.1	56.505279
622641.4901	22.768151	14.111099	0.001031	38.238963	20.886371	85.199363	14.1	56.503863
622643.4631	22.844326	14.142548	-0.009344	38.22708	20.878105	85.192296	14.1	56.462284
622644.046	22.873907	14.144895	-0.017158	38.238088	20.896371	85.196871	14.1	56.452523
622645.816	22.947284	14.122851	-0.046047	38.170921	20.969708	85.198916	14.1	56.456534
622646.8173	22.837837	14.085375	-0.052585	38.165445	21.016629	85.202701	14.1	56.493408
622648.501	22.846914	14.058863	-0.066564	38.152984	20.825876	85.20245	14.1	56.539288
622649.881	22.867788	14.039577	-0.064674	38.12117	20.896371	85.198963	14.1	56.57874
622650.222	22.861132	14.036324	-0.066657	38.160975	20.857849	85.201669	14.1	56.588998
