1051644.696	21.203448	2.215955	-0.034313	12.986934	21.4941	86.135741	2	14.093089
1051645.391	21.194931	2.195268	-0.038187	12.982166	21.413022	86.136364	2	14.066155
1051646.975	21.199027	2.181178	-0.033092	12.920699	21.468791	86.132106	2	13.979209
1051647.405	21.097733	2.161615	-0.03611	12.894938	21.345637	86.128349	2	13.974137
1051648.989	21.103659	2.164197	-0.02242	12.837941	21.474714	86.126889	2	13.889524
1051650.744	21.155134	2.178614	-0.00235	12.816297	21.380811	86.13457	2	13.780154
1051651.288	21.178464	2.19044	-0.001232	12.821122	21.485956	86.13165	2	13.735088
1051654.146	21.216235	2.224882	-0.033391	12.719589	21.397101	86.133854	2	13.500153
1051655.495	21.186981	2.239039	-0.042573	12.652683	21.488782	86.128135	2	13.382281
1051658.199	21.294365	2.188211	-0.037088	12.529934	21.419316	86.130636	2	13.226397
1051658.482	21.21068	2.181799	-0.030774	12.533026	21.514832	86.131064	2	13.215704
1051660.299	21.165873	2.156846	-0.021954	12.432667	21.441024	86.135462	2	13.140026
1051661.075	21.192536	2.175739	-0.023165	12.378743	21.464483	86.141171	2	13.078065
1051662.667	21.189573	2.117325	-0.027411	12.310254	21.400063	86.136727	2	13.056874
1051664.557	21.155504	2.107753	-0.023379	12.219506	21.384378	86.138419	2	12.997932
1051665.292	21.245118	2.107342	-0.020911	12.162919	21.522841	86.142324	2	12.9712
1051667.026	21.174217	2.069515	-0.034545	12.11056	21.406593	86.143171	2	12.958482
1051668.487	21.183452	2.070789	-0.055267	12.087221	21.420661	86.133631	2	12.924405
1051668.919	21.309176	2.081434	-0.060725	12.085656	21.535058	86.144063	2	12.902803
1051670.741	21.141606	2.038527	-0.071891	12.018135	21.373641	86.135481	2	12.904871
1051671.981	21.219741	2.031645	-0.069898	12.004799	21.464348	86.140725	2	12.897427
1051672.554	21.099388	2.029458	-0.065121	11.99962	21.351796	86.134886	2	12.893752
1051675.384	21.097907	1.996039	-0.059225	11.977939	21.459535	86.141348	2	12.91024
1051676.536	21.159948	1.996148	-0.066117	11.988761	21.433249	86.138354	2	12.912212
1051676.807	21.042159	2.001898	-0.0711	11.989022	21.433249	86.138354	2	12.906491
1051678.581	21.061417	1.999241	-0.071053	12.012547	21.431768	86.13139	2	12.906578
1051681.223	21.068454	1.970063	-0.074536	12.006643	21.506047	86.13868	2	12.958633
1051681.496	21.091415	1.969569	-0.075673	12.009493	21.412146	86.135825	2	12.961808
1051683.989	21.11529	2.017279	-0.0692	12.002973	21.390167	86.138419	2	12.919598
1051684.433	21.061395	2.023649	-0.069125	12.036855	21.432139	86.137257	2	12.91022
1051686.81	21.08586	2.061091	-0.048999	12.02851	21.447923	86.131204	2	12.83928
1051688.102	21.158988	2.08	-0.052995	12.010871	21.46731	86.129827	2	12.78886
1051689.626	21.130103	2.106864	-0.047807	12.022047	21.367347	86.132645	2	12.716027
1051690.71	21.095836	2.123997	-0.02621	12.015956	21.356474	86.131799	2	12.658895
1051691.155	21.141213	2.12802	-0.017772	12.027299	21.49383	86.130525	2	12.63686
1051692.933	21.098799	2.109656	-0.008683	11.971588	21.401409	86.135379	2	12.584213
1051695.777	21.149534	2.118029	0.004691	11.893487	21.327864	86.130051	2	12.464703
1051696.851	21.108231	2.100913	0.017646	11.875438	21.381281	86.131669	2	12.442821
1051697.15	21.136921	2.100151	0.021306	11.876611	21.422748	86.13668	2	12.433387
1051699.117	21.052484	2.051225	0.019965	11.815107	21.281445	86.141209	2	12.440508
1051700.343	21.096381	2.041653	-0.002042	11.808569	21.414838	86.135341	2	12.430497
1051701.219	21.232286	2.07529	-0.011933	11.788918	21.367952	86.141432	2	12.378696
1051703.019	21.174149	2.044931	-0.018489	11.733598	21.396831	86.138763	2	12.376222
1051703.664	21.084704	2.05602	-0.033987	11.733411	21.353277	86.13403	2	12.357496
1051704.981	21.188765	2.035811	-0.033418	11.694258	21.369433	86.140939	2	12.360094
1051706.559	21.191357	2.021235	-0.040822	11.670379	21.448058	86.141432	2	12.368009
1051707.961	21.110998	1.992602	-0.048962	11.642812	21.398447	86.134709	2	12.399547
1051708.675	21.152648	1.984313	-0.059533	11.62765	21.345872	86.135964	2	12.409828
1051711.265	21.211157	1.947742	-0.067635	11.572143	21.449909	86.131092	2	12.476398
1051711.523	21.177656	1.931188	-0.067021	11.595091	21.429412	86.133314	2	12.494708
1051713.964	21.232831	1.914776	-0.091049	11.533177	21.371049	86.137694	2	12.561227
1051715.031	21.192446	1.907392	-0.099924	11.52202	21.339207	86.138549	2	12.60333
1051715.476	21.156352	1.893872	-0.101312	11.523398	21.465694	86.133631	2	12.631823
1051716.52	21.119515	1.901047	-0.085936	11.528856	21.369063	86.135741	2	12.658674
1051719.029	21.146897	1.935052	-0.084241	11.523901	21.449404	86.139749	2	12.696193
1051719.522	21.287981	1.94237	-0.079258	11.538038	21.404606	86.137173	2	12.698511
1051721.146	21.20985	1.873437	-0.082015	11.583636	21.51049	86.137871	2	12.830864
1051723.3	21.270404	1.986668	-0.085116	11.62819	21.446678	86.139349	2	12.766704
1051723.791	21.221155	2.016256	-0.075086	11.678035	21.480503	86.138531	2	12.737533
1051725.499	21.257074	2.078617	-0.08168	11.738589	21.422378	86.137164	2	12.652987
1051726.744	21.260951	2.126185	-0.066276	11.76476	21.432004	86.128182	2	12.565746
1051727.188	21.158377	2.115573	-0.058266	11.769211	21.500124	86.129242	2	12.558551
1051733.39	21.224118	1.975839	0.00702	11.611464	21.508133	86.132822	2	12.634272
1051733.862	21.258184	1.97863	-0.004622	11.562178	21.537379	86.137954	2	12.632803
1051734.848	21.241696	1.962486	-0.034015	11.528744	21.385589	86.140372	2	12.661117
1051737.493	21.154326	1.925866	-0.089559	11.489666	21.526138	86.138215	2	12.761897
1051737.758	21.157288	1.931599	-0.089363	11.460813	21.464078	86.143133	2	12.761784
1051739.726	21.314663	1.865114	-0.088339	11.392603	21.518499	86.133221	2	12.898449
1051741.775	21.276895	1.858467	-0.099468	11.370791	21.437792	86.135118	2	12.9926
1051742.476	21.23246	1.844846	-0.109433	11.369506	21.457044	86.132775	2	13.041008
1051743.339	21.227647	1.872188	-0.107552	11.41136	21.401509	86.131092	2	13.051597
1051744.082	21.123393	1.911046	-0.105931	11.4043	21.369668	86.134086	2	13.042073
1051746.114	21.256529	1.933803	-0.100986	11.496036	21.462227	86.130683	2	13.060741
1051747.931	21.174323	1.901709	-0.102672	11.562998	21.519104	86.133138	2	13.15064
1051749.138	21.122304	1.936569	-0.1054	11.593117	21.489253	86.135788	2	13.147366
1051749.433	21.081175	1.944817	-0.101731	11.619194	21.437287	86.135341	2	13.144892
1051751.436	21.135636	1.984539	-0.068269	11.663711	21.44136	86.133984	2	13.129637
1051753.225	21.176741	1.950114	-0.053172	11.652647	21.507258	86.133668	2	13.176441
1051753.948	21.101739	1.968664	-0.048944	11.658999	21.460241	86.132245	2	13.165249
1051755.631	21.141191	2.009785	-0.028287	11.648791	21.419146	86.138717	2	13.137575
1051755.926	21.201922	2.017983	-0.019151	11.666822	21.47505	86.130757	2	13.128843
1051756.822	21.230435	2.046758	-0.011206	11.634877	21.508874	86.128154	2	13.078103
1051759.594	21.265242	2.026909	1.60E-05	11.621578	21.526138	86.14	2	13.061036
1051759.868	21.11749	2.022769	-0.003383	11.631376	21.36472	86.142668	2	13.062364
1051760.738	21.157485	2.009442	-0.027551	11.599655	21.470237	86.133361	2	13.066189
1051764.363	21.256726	1.997849	-0.056376	11.532041	21.449875	86.135602	2	13.076066
1051765.243	21.167309	1.974028	-0.060324	11.516581	21.404707	86.13165	2	13.103923
1051765.666	21.234138	1.966509	-0.060371	11.511272	21.389022	86.135825	2	13.115506
1051768.393	21.258577	1.947642	-0.039547	11.47862	21.436917	86.129353	2	13.176922
1051768.732	21.221352	1.95252	-0.0372	11.484916	21.436917	86.129353	2	13.177524
1051770.906	21.278376	1.93346	-0.031109	11.438573	21.471583	86.13112	2	13.239411
1051771.261	21.173582	1.939788	-0.033083	11.432128	21.464044	86.13072	2	13.24045
1051773.413	21.227647	1.910468	-0.042741	11.378931	21.445667	86.13337	2	13.3288
1051774.561	21.240433	1.913377	-0.054532	11.383513	21.468756	86.130469	2	13.35977
1051775.065	21.240803	1.916226	-0.0597	11.378261	21.547105	86.132319	2	13.371331
1051776.901	21.176	1.915095	-0.087063	11.374629	21.476261	86.134309	2	13.425196
1051777.497	21.217475	1.920049	-0.094076	11.380161	21.500594	86.129567	2	13.436734
1051779.226	21.118034	1.968915	-0.108483	11.375728	21.530816	86.127326	2	13.431174
1051779.566	21.145635	1.945932	-0.107291	11.408845	21.519575	86.132106	2	13.458768
1051780.708	21.124352	1.982309	-0.109293	11.419276	21.465154	86.131445	2	13.442394
1052087.27	21.293581	4.214578	-0.008273	19.47531	21.475993	86.131613	4	22.081672
1052088.143	21.207304	4.201502	-0.018201	19.388436	21.561274	86.133686	4	22.034411
1052088.486	21.23952	4.191972	-0.013078	19.402778	21.51685	86.135379	4	22.021475
1052089.295	21.3058	4.156215	-0.014475	19.345781	21.492653	86.13761	4	22.009812
1052091.428	21.308568	4.112503	-0.03163	19.22104	21.346545	86.127029	4	21.958187
1052092.346	21.268948	4.143591	-0.039528	19.222828	21.453914	86.136364	4	21.887024
1052092.975	21.174523	4.130373	-0.051887	19.200122	21.407265	86.134439	4	21.872132
1052093.476	21.370771	4.124741	-0.048608	19.144597	21.46354	86.135295	4	21.856851
1052096.174	21.22656	4.073049	-0.056422	19.053495	21.441563	86.130906	4	21.822758
1052096.603	21.186743	4.072597	-0.05659	19.037234	21.525971	86.13695	4	21.812447
1052098.988	21.285611	4.047149	-0.050741	18.950863	21.532131	86.135286	4	21.797972
1052099.421	21.34727	4.037083	-0.06323	18.947212	21.564471	86.137694	4	21.802341
1052101.297	21.204888	4.05595	-0.082378	18.941028	21.479191	86.136011	4	21.755532
1052103.02	21.289138	4.020755	-0.087305	18.918341	21.497095	86.138633	4	21.768583
1052103.299	21.253591	4.005298	-0.089177	18.887924	21.497095	86.139786	4	21.783057
1052105.11	21.249888	4.001082	-0.085507	18.845475	21.4281	86.135602	4	21.786862
1052105.602	21.209156	4.005097	-0.079873	18.874457	21.548789	86.139386	4	21.782289
1052107.314	21.129909	3.959257	-0.077694	18.816958	21.404776	86.127689	4	21.841838
1052108.922	21.316538	3.948545	-0.100846	18.791384	21.437726	86.132645	4	21.871113
1052109.38	21.203036	3.946558	-0.102141	18.750275	21.42662	86.136234	4	21.880992
1052111.045	21.096208	3.94121	-0.089344	18.74139	21.511399	86.140149	4	21.923152
1052111.597	21.33394	3.941722	-0.089791	18.704286	21.405886	86.138856	4	21.93364
1052113.413	21.168968	3.9437	-0.096544	18.728929	21.506351	86.132468	4	21.967969
1052113.686	21.18491	3.947061	-0.091812	18.701604	21.526948	86.137071	4	21.969751
1052115.465	21.198241	3.947614	-0.097028	18.69434	21.481412	86.131929	4	21.999688
1052116.206	21.159358	3.954957	-0.091421	18.734331	21.437726	86.132319	4	22.004253
1052117.684	21.206017	3.98229	-0.073074	18.726526	21.450448	86.130609	4	21.995222
1052119.369	21.137139	3.964889	-0.066583	18.76201	21.400097	86.133417	4	22.027367
1052120.84	21.23453	3.937891	-0.066862	18.78587	21.350215	86.138289	4	22.075938
1052121.131	21.232309	3.9337	-0.071063	18.74966	21.448833	86.133138	4	22.086023
1052122.998	21.148425	3.941588	-0.099272	18.767206	21.389596	86.133891	4	22.118401
1052125.004	21.226754	3.981636	-0.102588	18.823086	21.353177	86.129707	4	22.110721
1052125.264	21.201203	3.995089	-0.093247	18.820441	21.353177	86.129707	4	22.098415
1052127.342	21.110846	4.024267	-0.065726	18.899696	21.476229	86.125727	4	22.065063
1052128.882	21.193057	4.055204	-0.034992	18.917466	21.455127	86.135276	4	22.009849
1052129.293	21.099736	4.063678	-0.028156	18.934695	21.465863	86.131315	4	21.993494
1052131	21.139537	4.093208	-0.009418	18.9368	21.452165	86.13006	4	21.917619
1052132.505	21.178791	4.116216	0.007075	18.965783	21.407872	86.131036	4	21.842096
1052134.517	21.170468	4.116543	0.005883	18.945666	21.41834	86.133631	4	21.767868
1052135.103	21.21471	4.121229	0.006256	18.911599	21.506823	86.128675	4	21.739191
1052136.861	21.206193	4.081641	7.19E-05	18.824296	21.474749	86.134532	4	21.706848
1052137.961	21.137685	4.040737	-0.003188	18.813717	21.392928	86.129735	4	21.724174
1052138.239	21.133436	4.039161	-0.005702	18.763015	21.434394	86.134123	4	21.722116
1052140.467	21.12028	4.044207	-0.030755	18.684039	21.476229	86.134709	4	21.692465
1052141.352	21.250082	4.02948	-0.04899	18.647364	21.442539	86.135955	4	21.696938
1052143.222	21.151952	3.998735	-0.064618	18.609049	21.371218	86.13152	4	21.725887
1052143.493	21.16657	3.986188	-0.063239	18.630693	21.441799	86.137424	4	21.739612
1052145.027	21.205823	3.979952	-0.071463	18.601021	21.348632	86.126471	4	21.754548
1052146.825	21.276002	3.955418	-0.08235	18.537859	21.375527	86.129772	4	21.793441
1052147.093	21.193038	3.947899	-0.084362	18.536816	21.389596	86.135211	4	21.805114
1052149.103	21.231373	3.954563	-0.083971	18.518972	21.398616	86.13297	4	21.838655
1052149.822	21.158423	3.944194	-0.087221	18.508857	21.408848	86.130795	4	21.864782
1052150.853	21.20972	3.972358	-0.090751	18.512993	21.33086	86.131445	4	21.847371
1052153.87	21.246185	3.919174	-0.111501	18.533519	21.407131	86.141162	4	21.942935
1052154.312	21.23229	3.924195	-0.114034	18.537542	21.456136	86.139526	4	21.949331
1052156.81	21.207304	3.933365	-0.089447	18.526199	21.516078	86.140046	4	21.998257
1052157.768	21.301727	3.927355	-0.084976	18.539535	21.425005	86.138326	4	22.026218
1052158.365	21.199898	3.921681	-0.087659	18.54896	21.416623	86.133091	4	22.047083
1052160.642	21.152869	3.917926	-0.104124	18.539982	21.452165	86.135955	4	22.121923
1052160.928	21.200833	3.929057	-0.109824	18.573845	21.492519	86.138986	4	22.118164
1052162.652	21.195825	3.953381	-0.129857	18.594018	21.550404	86.135565	4	22.129847
1052163.386	21.125835	3.95375	-0.129848	18.615829	21.430456	86.140279	4	22.141112
1052165.916	21.158988	3.931504	-0.110383	18.68281	21.438467	86.130888	4	22.211015
1052166.336	21.273216	3.927917	-0.111929	18.656603	21.370343	86.138233	4	22.223885
1052169.978	21.144351	3.976431	-0.081195	18.755434	21.357889	86.136494	4	22.245529
1052171.14	21.126576	3.992617	-0.068595	18.791588	21.45378	86.131975	4	22.236702
1052173.057	21.162497	4.010219	-0.053889	18.803491	21.472661	86.135685	4	22.213015
1052173.334	21.296914	4.016916	-0.055416	18.825731	21.488951	86.136299	4	22.205421
1052175.266	21.140278	4.060359	-0.042322	18.847021	21.490802	86.13457	4	22.136154
1052176.875	21.258951	4.068171	-0.018229	18.857433	21.456372	86.131501	4	22.09941
1052177.167	21.148425	4.062404	-0.016887	18.837298	21.456372	86.131501	4	22.099062
1052179.06	21.223597	4.083057	0.003313	18.853968	21.380844	86.135062	4	22.035294
1052179.678	21.228217	4.074508	-0.002489	18.839086	21.522876	86.139786	4	22.027736
1052180.542	21.195454	4.07522	-0.007043	18.82249	21.497095	86.139832	4	22.005396
1052182.969	21.161562	4.091305	-0.030038	18.786969	21.488817	86.129242	4	21.925167
1052183.519	21.28413	4.068909	-0.036129	18.737814	21.427864	86.13457	4	21.933303
1052185.2	21.228217	4.070937	-0.038001	18.721534	21.431196	86.131631	4	21.894085
1052185.536	21.240066	4.071314	-0.045321	18.7125	21.460444	86.134932	4	21.885847
1052188.388	21.174893	4.060351	-0.061461	18.626484	21.517827	86.132022	4	21.839258
1052188.788	21.363366	4.044467	-0.062858	18.599755	21.327393	86.130469	4	21.847382
1052190.756	21.231549	3.988711	-0.028929	18.576546	21.374046	86.135109	4	21.894615
1052191.081	21.146379	3.993505	-0.021423	18.578073	21.407367	86.136234	4	21.890657
1052193.97	21.233947	3.998241	-0.021088	18.527316	21.381821	86.133045	4	21.889524
1052195.741	21.205629	3.966038	-0.043905	18.508224	21.374282	86.128219	4	21.931955
1052196.023	21.235058	3.974981	-0.038932	18.505859	21.39626	86.127996	4	21.925024
1052197.896	21.177115	3.958385	-0.054941	18.491945	21.392794	86.132152	4	21.966896
1052199.856	21.267467	3.941353	-0.059794	18.470096	21.497702	86.132515	4	22.012478
1052200.512	21.152304	3.924153	-0.067011	18.457896	21.446108	86.126099	4	22.043753
1052202.226	21.23802	3.950716	-0.062969	18.437816	21.428707	86.128042	4	22.057583
1052202.694	21.154331	3.96437	-0.067635	18.437444	21.503861	86.129744	4	22.050496
1052204.234	21.233771	3.947522	-0.097689	18.433439	21.427966	86.13404	4	22.088264
1052206.236	21.28413	3.920809	-0.118141	18.438468	21.458695	86.133993	4	22.163542
1052206.577	21.241723	3.924195	-0.130779	18.466277	21.458695	86.133993	4	22.169143
1052208.023	21.18877	3.96385	-0.142048	18.480024	21.326014	86.13668	4	22.153876
1052208.751	21.185067	3.939442	-0.152497	18.491051	21.439443	86.133714	4	22.195207
1052211.73	21.184503	3.956541	-0.112972	18.579694	21.471149	86.12993	4	22.229784
1052212.3	21.227458	3.937087	-0.101489	18.634214	21.414134	86.130125	4	22.259941
1052214.14	21.262654	3.930063	-0.098816	18.652654	21.394141	86.132598	4	22.313707
1052214.507	21.168209	3.936751	-0.100725	18.651704	21.385759	86.134309	4	22.315217
1052217.195	21.118604	4.015851	-0.084166	18.750033	21.399694	86.130795	4	22.253569
1052327.299	21.255248	8.909542	-0.0913	30.606738	21.382395	86.13033	9	38.737028
1052328.28	21.25784	8.899324	-0.091216	30.615157	21.358093	86.13894	9	38.778753
1052328.567	21.280427	8.906692	-0.097065	30.67804	21.3898	86.130506	9	38.780826
1052330.41	21.120826	8.899232	-0.105503	30.696871	21.345	86.136727	9	38.856881
1052330.717	21.196001	8.903423	-0.105009	30.674296	21.334026	86.139302	9	38.863027
1052333.139	21.266162	8.905686	-0.127184	30.727996	21.495685	86.136057	9	38.939049
1052333.411	21.282084	8.906264	-0.128944	30.73336	21.366104	86.138047	9	38.946947
1052335.294	21.2121	8.916976	-0.105084	30.79479	21.439546	86.13735	9	38.992988
1052335.566	21.257275	8.914512	-0.107431	30.761915	21.370681	86.135732	9	39.002973
1052337.291	21.246907	8.911771	-0.097549	30.817384	21.506555	86.132245	9	39.054946
1052339.133	21.241159	8.919483	-0.094336	30.841133	21.329213	86.137024	9	39.100588
1052339.404	21.252267	8.923657	-0.094942	30.838693	21.329213	86.137024	9	39.103466
1052341.825	21.292258	8.939314	-0.078839	30.86464	21.270946	86.139572	9	39.14471
1052342.889	21.229309	8.937856	-0.078457	30.893529	21.308108	86.140716	9	39.168374
1052343.159	21.238196	8.954946	-0.078345	30.911504	21.388957	86.135518	9	39.156179
1052344.79	21.285222	8.949716	-0.108083	30.906214	21.375124	86.138931	9	39.183994
1052346.22	21.290212	8.946975	-0.109824	30.914503	21.361425	86.131743	9	39.212661
1052347.774	21.184114	8.970285	-0.076781	30.939164	21.346985	86.134625	9	39.213758
1052348.21	21.203935	8.982313	-0.078625	30.946093	21.392156	86.139572	9	39.204963
1052349.491	21.16708	8.992011	-0.070196	30.961777	21.404744	86.13722	9	39.201127
1052350.958	21.294831	8.983462	-0.077898	31.00553	21.495819	86.138242	9	39.215029
1052351.41	21.170783	8.966564	-0.075971	30.985488	21.385255	86.140502	9	39.235877
1052352.631	21.160414	8.972926	-0.069666	30.941623	21.474851	86.130804	9	39.242073
1052354.452	21.31167	8.965726	-0.074732	30.975206	21.3486	86.129716	9	39.264766
1052355.693	21.296859	8.945148	-0.081894	30.981521	21.353177	86.140028	9	39.30313
1052355.94	21.247241	8.946757	-0.085796	30.945385	21.353177	86.140028	9	39.305985
1052357.951	21.22781	8.988566	-0.084576	30.962149	21.330458	86.131613	9	39.300688
1052358.817	21.234846	8.983026	-0.094076	30.97569	21.35651	86.133314	9	39.313048
1052360.241	21.313521	8.986362	-0.107813	30.990852	21.435237	86.133891	9	39.304265
1052360.666	21.295554	8.997334	-0.110886	30.982228	21.309486	86.128489	9	39.294327
1052363.05	21.202435	8.926582	-0.115999	30.955146	21.298378	86.133184	9	39.418588
1052363.369	21.282965	8.947688	-0.123831	30.994596	21.276162	86.135016	9	39.404264
1052365.607	21.205768	8.983462	-0.142439	30.988934	21.335035	86.131566	9	39.390058
1052366.197	21.292222	8.970076	-0.144739	30.988841	21.316151	86.129046	9	39.407651
1052367.431	21.2252	8.942013	-0.15137	31.007877	21.381687	86.131752	9	39.453506
1052368.188	21.213721	8.945274	-0.161457	30.966265	21.358361	86.132468	9	39.464461
1052370.038	21.206121	8.937663	-0.149173	31.006741	21.325778	86.129688	9	39.506552
1052371.64	21.135391	8.927219	-0.144032	31.001861	21.397977	86.132096	9	39.559777
1052372.203	21.297952	8.934226	-0.146788	31.026634	21.425745	86.132068	9	39.565982
1052374.133	21.183532	8.946715	-0.149769	31.077354	21.329111	86.132236	9	39.590761
1052374.861	21.181875	8.92996	-0.14866	31.043752	21.35762	86.133538	9	39.622146
1052376.337	21.154648	8.907069	-0.153503	31.095552	21.289122	86.130246	9	39.685181
1052378.409	21.248334	8.940731	-0.144348	31.109857	21.311338	86.131808	9	39.705561
1052378.71	21.180393	8.965591	-0.144646	31.159552	21.311338	86.131808	9	39.685196
1052380.575	21.285363	9.03688	-0.113028	31.184568	21.32763	86.133407	9	39.610582
1052382.348	21.220933	9.085721	-0.09889	31.231804	21.364789	86.128888	9	39.530257
1052383.002	21.264627	9.090683	-0.099943	31.263357	21.390572	86.133184	9	39.505277
1052384.962	21.163165	9.104203	-0.080115	31.282301	21.26024	86.130302	9	39.431887
1052386.819	21.258508	9.133028	-0.056376	31.244526	21.2221	86.13417	9	39.325525
1052388.223	21.348114	9.11717	-0.038094	31.186505	21.227654	86.131083	9	39.284924
1052388.495	21.350512	9.118335	-0.038783	31.179743	21.199141	86.134486	9	39.273518
1052390.268	21.28702	9.023904	-0.019756	31.143012	21.290973	86.130692	9	39.338223
1052392.103	21.18593	8.997702	-0.021321	31.104381	21.263572	86.126703	9	39.356826
1052393.859	21.306274	9.020208	-0.035309	31.032483	21.266298	86.132552	9	39.319875
1052394.772	21.249992	9.011072	-0.05469	31.041051	21.332813	86.132636	9	39.327449
1052395.117	21.497688	8.99212	-0.054196	31.012683	21.310227	86.12993	9	39.346669
1052397.876	21.303682	8.939163	-0.096106	30.978335	21.235935	86.138094	9	39.438343
1052398.343	21.245178	8.952926	-0.105494	31.009702	21.253709	86.134393	9	39.434174
1052400.216	21.291093	9.021759	-0.136022	30.988356	21.270876	86.134077	9	39.362168
1052400.836	21.338117	8.998532	-0.130667	31.011099	21.206075	86.133631	9	39.387386
1052402.584	21.242392	9.024323	-0.104376	30.981129	21.35358	86.137527	9	39.349437
1052404.348	21.320344	8.999949	-0.094709	31.00458	21.308274	86.129409	9	39.366761
1052404.599	21.242022	8.998616	-0.092697	31.008324	21.281244	86.129595	9	39.368273
1052407.082	21.362554	8.926657	-0.088385	30.962484	21.334562	86.133816	9	39.485523
1052407.342	21.270728	8.955282	-0.093051	30.999905	21.357889	86.135909	9	39.461969
1052409.293	21.290723	8.944779	-0.102178	30.96118	21.312851	86.132691	9	39.500448
1052410.962	21.321632	8.737092	-0.077666	30.933204	21.350113	86.133714	9	39.762448
1052412.012	21.387731	8.697471	-0.050629	30.775009	21.295078	86.135239	9	39.906031
1052413.116	21.233505	8.763629	-0.062019	30.69458	21.2973	86.127447	9	39.941858
1052414.311	21.32849	8.80605	-0.0909	30.622235	21.374314	86.131975	9	39.980778
1052415.102	21.304793	8.797559	-0.101042	30.620633	21.323219	86.133538	9	40.041374
1052416.664	21.308319	8.80134	-0.116679	30.596363	21.268048	86.136057	9	40.14776
1052418.158	21.336442	8.800325	-0.142784	30.657905	21.255694	86.138494	9	40.247554
1052418.629	21.259619	8.807215	-0.143957	30.620782	21.332475	86.133631	9	40.272281
1052420.28	21.156852	8.834423	-0.161093	30.70326	21.367649	86.136801	9	40.343371
1052421.512	21.28739	8.840492	-0.160171	30.754352	21.358023	86.130497	9	40.405008
1052423.24	21.213509	8.824868	-0.156735	30.830795	21.372833	86.136141	9	40.521178
1052423.511	21.289788	8.850927	-0.15612	30.841431	21.198937	86.136141	9	40.509828
1052425.066	21.233135	8.91219	-0.151575	30.908412	21.21412	86.133761	9	40.508573
1052426.514	21.248511	8.926783	-0.13456	30.974498	21.332475	86.138373	9	40.535203
1052426.968	21.259425	8.937755	-0.129987	30.977851	21.367918	86.138484	9	40.535083
1052429.71	21.297564	8.89624	-0.120264	31.013092	21.25189	86.138019	9	40.654944
1052430.012	21.331082	8.903423	-0.121959	31.066066	21.342102	86.137024	9	40.657813
1052431.733	21.336618	8.933782	-0.135966	31.095868	21.268182	86.133314	9	40.672515
1052432.242	21.287937	8.966346	-0.133228	31.087915	21.421233	86.141822	9	40.647932
1052433.568	21.303488	8.974493	-0.122425	31.117512	21.308038	86.13854	9	40.655541
1052434.674	21.299239	9.013896	-0.121075	31.172926	21.383839	86.131836	9	40.620376
1052437.644	21.337553	9.046795	-0.093293	31.190845	21.376165	86.136587	9	40.560327
1052438.024	21.366803	9.053719	-0.085228	31.19172	21.354219	86.137034	9	40.547128
1052439.347	21.355325	9.058496	-0.085051	31.189094	21.321501	86.133193	9	40.516493
1052441.81	21.283864	9.092904	-0.086448	31.194626	21.303358	86.133156	9	40.409397
1052442.142	21.234986	9.116013	-0.084995	31.194291	21.374448	86.140865	9	40.374961
1052443.984	21.288307	9.116156	-0.066192	31.156088	21.354691	86.13933	9	40.301328
1052445.447	21.510821	9.046158	-0.04086	31.141708	21.236203	86.13894	9	40.329745
1052445.948	21.310524	9.032965	-0.026983	31.078471	21.236337	86.137564	9	40.336356
1052447.602	21.386796	9.023242	-0.012417	31.012198	21.457617	86.135202	9	40.331115
1052449.596	21.386426	9.012463	-0.019234	31.000967	21.298781	86.139572	9	40.330295
1052449.963	21.318669	9.008222	-0.028129	31.008287	21.251755	86.141209	9	40.333246
1052451.406	21.240541	9.005799	-0.040878	31.018624	21.234352	86.136727	9	40.332332
1052453.109	21.404198	8.984342	-0.045041	30.980626	21.337288	86.143645	9	40.353312
1052521.179	21.278856	9.860645	-0.179264	32.551637	21.367784	86.133091	10	42.976242
1052522.875	21.454355	9.856739	-0.171115	32.596657	21.335437	86.138242	10	43.05833
1052523.145	21.458992	9.85466	-0.160302	32.599824	21.268048	86.145133	10	43.073678
1052525.806	21.360491	9.878029	-0.16683	32.624243	21.317933	86.135732	10	43.169193
1052526.075	21.433622	9.875514	-0.166178	32.67962	21.317933	86.135732	10	43.182873
1052527.931	21.338276	9.877358	-0.1743	32.695806	21.365326	86.132096	10	43.257578
1052529.159	21.464351	9.86999	-0.175361	32.744719	21.471583	86.132738	10	43.315513
1052530.788	21.378087	9.882781	-0.170928	32.772752	21.377544	86.132059	10	43.37507
1052532.005	21.269053	9.888556	-0.159119	32.79637	21.380002	86.131036	10	43.413791
1052533.065	21.341432	9.918304	-0.163478	32.805218	21.359772	86.131669	10	43.418136
1052533.321	21.35291	9.930575	-0.161764	32.806391	21.359772	86.131669	10	43.412275
1052535.073	21.391786	9.927549	-0.163506	32.879761	21.337321	86.131036	10	43.464034
1052536.901	21.376412	9.925328	-0.163552	32.926681	21.359671	86.140325	10	43.509664
1052537.186	21.314949	9.938102	-0.158225	32.874378	21.412111	86.142548	10	43.503557
1052539.17	21.267184	9.922235	-0.142942	32.912041	21.40299	86.139042	10	43.566621
1052539.574	21.505251	9.941874	-0.148353	32.930984	21.524422	86.141032	10	43.556121
1052542.192	21.22811	9.955226	-0.123729	32.996977	21.412986	86.137127	10	43.585262
1052542.664	21.307174	9.960087	-0.123487	32.95883	21.304872	86.136401	10	43.586173
1052544.914	21.301249	9.9666	-0.099542	33.005452	21.427055	86.133091	10	43.608924
1052545.36	21.337342	9.972417	-0.096376	33.009829	21.294134	86.127968	10	43.60802
1052547.273	21.389177	10.002844	-0.109144	33.050491	21.353881	86.136104	10	43.587913
1052548.363	21.331418	9.985677	-0.107654	33.020502	21.332541	86.132068	10	43.608348
1052549.453	21.342896	10.00799	-0.111743	33.052056	21.358089	86.133445	10	43.589565
1052550.329	21.331982	9.98592	-0.111435	33.050286	21.442369	86.132199	10	43.616346
1052551.483	21.314015	9.995057	-0.1149	33.047641	21.356237	86.130562	10	43.611376
1052553.259	21.283282	9.993816	-0.114695	33.053043	21.25714	86.130553	10	43.61632
1052553.943	21.362889	9.950901	-0.11001	33.106463	21.334527	86.138094	10	43.662755
1052555.575	21.320116	9.937574	-0.115207	33.088154	21.377846	86.134086	10	43.709511
1052556.636	21.428599	9.964899	-0.126923	33.096126	21.377106	86.139526	10	43.700436
1052557.558	21.282542	9.968704	-0.134942	33.066938	21.374279	86.131064	10	43.705474
1052557.869	21.238284	9.963348	-0.13998	33.106259	21.308608	86.125904	10	43.714404
1052559.777	21.292152	10.016053	-0.143789	33.1057	21.458928	86.135611	10	43.665097
1052561.322	21.239395	9.961965	-0.133154	33.156177	21.412784	86.133277	10	43.727407
1052562.639	21.301796	9.925303	-0.115459	33.153383	21.382188	86.135332	10	43.786536
1052563.741	21.357882	9.967053	-0.110281	33.175456	21.414265	86.131343	10	43.761934
1052564.875	21.323255	9.968897	-0.098956	33.144815	21.338869	86.136281	10	43.773593
1052565.285	21.236063	9.985116	-0.100353	33.152191	21.293696	86.139526	10	43.760984
1052567.011	21.287532	10.02612	-0.092436	33.226492	21.463774	86.134216	10	43.71373
1052568.972	21.227352	10.089437	-0.099375	33.229342	21.317899	86.142994	10	43.621338
1052569.382	21.30289	10.106905	-0.098816	33.220662	21.371586	86.143626	10	43.590395
1052570.784	21.342879	10.115832	-0.082676	33.247205	21.309887	86.133268	10	43.531115
1052572.394	21.366945	10.143953	-0.058974	33.253966	21.372596	86.136755	10	43.432659
1052572.667	21.272898	10.128555	-0.061544	33.256052	21.351862	86.135788	10	43.435836
1052574.064	21.379904	10.122369	-0.055193	33.200154	21.377645	86.132868	10	43.383815
1052575.472	21.339353	10.1161	-0.039388	33.153477	21.414433	86.139302	10	43.330058
1052577.507	21.265862	10.036396	-0.001977	33.110766	21.389022	86.132189	10	43.358027
1052578.639	21.386938	10.030554	0.012375	33.082417	21.369028	86.140846	10	43.351054
1052580.459	21.342879	10.060913	0.0043	33.070794	21.368423	86.132422	10	43.292131
1052580.871	21.351201	10.059958	-0.000738	33.062244	21.364585	86.135685	10	43.284623
1052581.797	21.411181	10.06466	-0.000533	33.02555	21.337692	86.13271	10	43.259256
1052584.467	21.356384	10.003221	-0.018694	33.021303	21.302146	86.136894	10	43.288648
1052585.976	21.302696	9.978335	-0.022978	32.999324	21.382257	86.136801	10	43.32051
1052587.374	21.377489	10.005459	-0.053218	33.001596	21.377679	86.137024	10	43.295955
1052588.729	21.371758	10.000203	-0.081456	33.002211	21.331162	86.136532	10	43.306493
1052589.01	21.315462	10.003774	-0.08819	32.992209	21.331162	86.136532	10	43.30282
1052590.493	21.436727	9.999784	-0.114099	32.996493	21.412616	86.136811	10	43.304378
1052592.758	21.321387	9.999583	-0.110979	32.975985	21.432004	86.129558	10	43.30977
1052593.719	21.313981	9.998845	-0.113205	33.005787	21.484945	86.137396	10	43.311953
1052596.097	21.543154	10.014436	-0.094346	32.993531	21.40979	86.133807	10	43.288331
1052597.173	21.333235	10.011754	-0.088553	33.016423	21.419416	86.133807	10	43.285516
1052598.414	21.323978	10.003657	-0.068855	33.023762	21.323286	86.133361	10	43.288259
1052598.729	21.375814	10.022491	-0.069172	33.02162	21.477306	86.134086	10	43.267897
1052600.612	21.232149	10.047695	-0.039379	33.007855	21.421032	86.135109	10	43.21762
1052602.417	21.30714	10.043571	-0.006755	32.977717	21.390537	86.135946	10	43.201537
1052603.487	21.383219	10.024829	-0.008012	33.015119	21.410665	86.135016	10	43.209956
1052604.702	21.34101	10.049682	-0.006513	33.007333	21.478416	86.133361	10	43.165705
1052604.973	21.418762	10.053269	-0.001036	32.967659	21.569485	86.131166	10	43.157564
1052608.075	21.333041	10.022927	-0.010638	32.925135	21.421907	86.132143	10	43.15454
1052608.725	21.411164	10.038944	-0.013218	32.969205	21.388821	86.13151	10	43.140307
1052609.704	21.415977	10.011401	-0.022811	32.919119	21.38808	86.136755	10	43.153724
1052611.118	21.48706	10.006741	-0.049754	32.930406	21.392894	86.137024	10	43.152109
1052611.455	21.361551	10.009423	-0.054662	32.927072	21.392894	86.137024	10	43.148804
1052612.724	21.471881	10.001519	-0.080758	32.921633	21.477306	86.134486	10	43.160494
1052614.963	21.375814	9.970355	-0.094299	32.893749	21.413122	86.135871	10	43.197782
1052615.861	21.336744	9.947313	-0.08479	32.932697	21.468285	86.138865	10	43.23226
1052617.598	21.361551	9.951697	-0.063435	32.898853	21.414367	86.132022	10	43.255008
1052618.392	21.325073	9.955612	-0.053013	32.911966	21.462867	86.130023	10	43.263698
1052619.995	21.521102	9.985342	-0.06256	32.9134	21.419181	86.136494	10	43.25295
1052620.441	21.405047	9.964756	-0.060967	32.859886	21.465324	86.1457	10	43.276614
1052622.824	21.376908	9.972878	-0.103948	32.904162	21.467175	86.133993	10	43.283833
1052623.075	21.460758	9.957321	-0.108036	32.914238	21.467175	86.133993	10	43.305635
1052625.217	21.358396	9.926996	-0.120609	32.889018	21.305008	86.126601	10	43.372313
1052625.492	21.411147	9.913769	-0.124111	32.940017	21.399793	86.124118	10	43.392884
1052627.471	21.34988	9.953265	-0.127277	32.925396	21.385589	86.134346	10	43.391108
1052628.789	21.441153	9.96603	-0.118942	32.917051	21.512105	86.135425	10	43.394061
1052629.099	21.491309	9.963482	-0.119966	32.908632	21.512105	86.135425	10	43.400259
1052630.798	21.382462	9.953047	-0.117685	32.936441	21.369568	86.138717	10	43.427638
1052631.481	21.382639	9.933584	-0.118178	32.889186	21.464213	86.137471	10	43.460099
1052633.427	21.405594	9.954245	-0.080208	32.902038	21.397066	86.138986	10	43.477884
1052634.625	21.342281	9.953768	-0.063463	32.934821	21.45903	86.134811	10	43.495169
1052635.003	21.356915	9.954874	-0.058443	32.934485	21.325743	86.134756	10	43.499947
1052636.934	21.382639	9.936844	-0.083645	32.946909	21.380676	86.135434	10	43.551602
1052638.361	21.299701	9.901305	-0.099356	32.960264	21.332778	86.133547	10	43.627527
1052639.901	21.291185	9.933081	-0.116567	32.984367	21.39535	86.133538	10	43.641291
1052640.735	21.303774	9.939502	-0.128711	33.002938	21.442135	86.134532	10	43.655445
1052642.527	21.3743	9.950188	-0.142877	33.041438	21.35055	86.141915	10	43.678499
1052643.424	21.44706	9.951136	-0.143044	32.998095	21.362904	86.140818	10	43.698588
1052644.284	21.359507	9.944967	-0.145382	33.00847	21.308475	86.133816	10	43.716133
1052646.049	21.295628	9.960859	-0.152823	33.050733	21.41807	86.136011	10	43.727313
1052646.467	21.333572	9.952544	-0.155254	33.068633	21.345737	86.137527	10	43.741348
1052755.658	21.320581	1.205014	0.124888	8.962745	21.422378	86.135155	1	8.154565
1052756.299	21.316138	1.161671	0.116562	8.860579	21.458795	86.142827	1	8.158088
1052756.904	21.3191	1.107708	0.115072	8.755824	21.422277	86.140232	1	8.183967
1052758.942	21.416105	0.968216	0.127961	8.199098	21.414603	86.13417	1	8.307854
1052759.256	21.303919	0.966213	0.128557	8.134539	21.385489	86.138772	1	8.313012
1052760.893	21.435905	0.959097	0.100785	7.743625	21.412246	86.138205	1	8.340763
1052761.34	21.433313	0.953506	0.098615	7.639988	21.461857	86.130757	1	8.353691
1052763.519	21.375926	0.983991	0.037064	7.409839	21.434595	86.130925	1	8.341831
1052763.787	21.50013	1.012071	0.028934	7.409057	21.434595	86.130925	1	8.313583
1052765.502	21.32335	1.069352	-0.004622	7.442044	21.495681	86.129679	1	8.230603
1052767.142	21.346676	1.117289	-0.003691	7.579526	21.441259	86.130255	1	8.130641
1052767.4	21.364448	1.115403	0.001376	7.589585	21.49272	86.129669	1	8.122467
1052769.713	21.325008	1.138553	0.046023	7.730326	21.377579	86.133909	1	8.000239
1052770.158	21.374252	1.142292	0.060757	7.725353	21.38744	86.135332	1	7.975157
1052771.188	21.333524	1.097206	0.077213	7.69529	21.341899	86.135379	1	7.978713
1052772.908	21.408314	0.996782	0.100087	7.505039	21.322781	86.13165	1	8.052748
1052774.73	21.333524	0.925318	0.094266	7.091122	21.374111	86.139256	1	8.154119
1052776.55	21.344987	0.899099	0.07374	6.779502	21.238222	86.135685	1	8.234548
1052777.644	21.377199	0.90811	0.042587	6.642746	21.470742	86.138317	1	8.261237
1052777.909	21.448477	0.908361	0.040156	6.62697	21.414468	86.137917	1	8.269191
1052780.168	21.225017	0.95789	-0.027356	6.568445	21.286124	86.132468	1	8.271602
1052781.74	21.459938	0.986447	-0.050341	6.711571	21.254515	86.133045	1	8.257417
1052782.183	21.326667	1.006186	-0.054755	6.756647	21.298949	86.131576	1	8.238297
1052784.697	21.32129	1.053829	-0.069852	7.069478	21.383368	86.140595	1	8.169927
1052784.972	21.406448	1.061348	-0.072366	7.089129	21.338702	86.134346	1	8.15681
1052787.185	21.306479	0.998869	-0.089363	7.239556	21.3867	86.134932	1	8.197307
1052787.948	21.384411	1.0099	-0.091021	7.259692	21.358191	86.139609	1	8.183072
1052789.619	21.36886	1.011853	-0.109433	7.286476	21.472358	86.134254	1	8.173304
1052790.065	21.334974	1.029497	-0.114779	7.285489	21.374482	86.134077	1	8.15293
1052792.51	21.416799	0.972927	-0.105382	7.268446	21.335605	86.133668	1	8.200687
1052792.964	21.480478	0.973807	-0.09714	7.244101	21.497532	86.137294	1	8.204486
1052794.986	21.378101	0.972592	-0.094504	7.236725	21.448294	86.138019	1	8.218877
1052795.272	21.405692	0.964973	-0.088776	7.238681	21.406087	86.137647	1	8.22944
1052797.214	21.370326	0.952911	-0.080627	7.215361	21.369433	86.135834	1	8.276257
1052799.202	21.338662	0.937639	-0.073801	7.212529	21.524557	86.135016	1	8.334714
1052800.054	21.304227	0.960203	-0.070969	7.227337	21.369433	86.133463	1	8.326756
1052801.997	21.329776	0.947999	-0.059263	7.265652	21.44237	86.132422	1	8.368307
1052803.424	21.351991	0.974738	-0.070439	7.345541	21.468285	86.131873	1	8.368726
1052803.717	21.508036	0.985089	-0.067458	7.370426	21.464448	86.140102	1	8.354961
1052806.788	21.340868	1.048699	-0.060939	7.683183	21.409419	86.13059	1	8.268191
1052808.425	21.358271	1.130105	-0.032226	7.804795	21.526408	86.137666	1	8.141582
1052809.526	21.26366	1.089352	-0.021172	7.872874	21.39424	86.132738	1	8.144077
1052809.799	21.381966	1.09086	-0.016021	7.886155	21.398682	86.133389	1	8.134301
1052812.049	21.289401	1.102344	0.017767	7.85164	21.383873	86.13403	1	8.052418
1052813.287	21.337344	1.061423	0.021893	7.756738	21.47569	86.137564	1	8.058667
1052813.945	21.33567	1.042857	0.031728	7.672938	21.471853	86.134263	1	8.066129
1052816.512	21.313277	1.001124	0.043378	7.308809	21.355364	86.136401	1	8.100564
1052817.511	21.570761	0.981946	0.045539	7.165963	21.399793	86.133221	1	8.125466
1052817.791	21.260875	0.984947	0.047411	7.128021	21.399793	86.133221	1	8.123549
1052820.109	21.403604	0.981125	0.01719	6.900015	21.421032	86.13125	1	8.138718
1052820.939	21.481351	0.96193	0.013138	6.86509	21.430523	86.131408	1	8.164113
1052822.703	21.366579	0.93525	0.00241	6.777881	21.295751	86.136011	1	8.221584
1052822.976	21.339921	0.942953	0.003304	6.78129	21.308711	86.128535	1	8.219539
1052824.344	21.326029	0.950975	-0.009679	6.750742	21.376098	86.134532	1	8.235322
1052826.381	21.329909	0.954411	-0.050611	6.711813	21.363509	86.137833	1	8.259698
1052826.656	21.307145	0.9482	-0.053628	6.73152	21.363509	86.137833	1	8.270374
1052828.632	21.369527	0.962458	-0.076343	6.754747	21.300329	86.136857	1	8.289577
1052829.709	21.386928	0.967655	-0.074117	6.797141	21.400669	86.139656	1	8.296722
1052830.743	21.228823	0.978778	-0.082238	6.845532	21.376233	86.1404	1	8.294483
1052831.808	21.301029	1.013143	-0.084334	6.899195	21.374516	86.14251	1	8.259488
1052832.384	21.387106	1.009112	-0.081726	6.932835	21.487672	86.140725	1	8.261475
1052834.236	21.29472	1.015926	-0.070271	7.013152	21.409925	86.139024	1	8.247303
1052834.531	21.325644	1.001819	-0.066555	7.046381	21.299959	86.140195	1	8.260345
1052837.197	21.38025	1.01544	-0.067635	7.102894	21.350685	86.136504	1	8.24082
1052837.467	21.22752	1.009925	-0.06675	7.129455	21.350685	86.136504	1	8.245084
1052840.291	21.342114	0.970329	-0.095445	7.119434	21.372295	86.134616	1	8.287651
1052840.91	21.272133	0.98747	-0.106239	7.111332	21.35008	86.138233	1	8.274953
1052842.415	21.288974	0.976137	-0.105801	7.108761	21.318237	86.135332	1	8.29882
1052842.792	21.374134	0.971955	-0.108455	7.103397	21.330691	86.132422	1	8.306442
1052844.638	21.378755	0.992792	-0.099934	7.09345	21.346983	86.136773	1	8.303331
1052844.92	21.38339	0.991669	-0.100967	7.094922	21.266634	86.134672	1	8.30521
1052846.575	21.285449	0.971603	-0.099272	7.107364	21.305278	86.137926	1	8.337308
1052847.952	21.311176	0.957446	-0.093265	7.132361	21.419181	86.13761	1	8.369453
1052848.784	21.457793	0.967361	-0.093591	7.138079	21.408209	86.130683	1	8.3704
1052850.407	21.35931	0.987662	-0.08004	7.221843	21.313424	86.134616	1	8.361429
1052850.871	21.222679	0.989733	-0.072441	7.255463	21.369333	86.136188	1	8.360732
1052853.032	21.3469	1.021098	-0.080627	7.394603	21.434125	86.134932	1	8.327379
1052853.301	21.249888	1.013646	-0.076352	7.395702	21.434125	86.134932	1	8.333227
1052856.12	21.221005	1.018231	-0.080813	7.521971	21.323286	86.134439	1	8.312265
1052857.1	21.285243	1.020494	-0.064487	7.553598	21.423758	86.134291	1	8.304891
1052858.364	21.236736	0.997662	-0.068241	7.565854	21.346748	86.135434	1	8.324323
1052858.913	21.279689	0.988551	-0.077777	7.588635	21.433384	86.136188	1	8.333813
1052860.815	21.313014	0.983673	-0.08968	7.573678	21.42672	86.135155	1	8.345259
1052861.751	21.286916	0.982239	-0.087193	7.575633	21.397101	86.136504	1	8.350448
1052863.992	21.222843	0.993731	-0.066648	7.591596	21.430423	86.134839	1	8.346927
1052864.873	21.287465	0.999112	-0.055025	7.575168	21.403395	86.136104	1	8.342432
1052865.433	21.122118	0.991518	-0.054457	7.575727	21.34254	86.142324	1	8.350583
1052867.117	21.215808	1.003085	-0.057838	7.570083	21.403395	86.139693	1	8.342436
1052867.76	21.278757	1.000177	-0.061582	7.581426	21.296021	86.13417	1	8.345311
1052869.684	21.215246	1.013822	-0.081838	7.58165	21.371184	86.134616	1	8.326963
1052870.248	21.248572	1.015021	-0.088106	7.577179	21.350315	86.137694	1	8.32322
1052871.443	21.319295	1.015977	-0.081205	7.561067	21.355028	86.134514	1	8.315596
1052873.448	21.236901	1.023856	-0.055305	7.558367	21.346748	86.13987	1	8.297161
1052874.596	21.219127	1.037124	-0.05062	7.564495	21.264918	86.136057	1	8.271575
1052875.11	21.316882	1.052907	-0.043132	7.549612	21.434495	86.136281	1	8.248145
1052876.712	21.346311	1.059697	-0.037162	7.54354	21.475219	86.135518	1	8.214207
1052877.068	21.271338	1.053888	-0.036864	7.544229	21.413022	86.139832	1	8.213102
1052879.261	21.311876	1.055824	-0.031686	7.51357	21.453006	86.138856	1	8.168454
1052879.624	21.204685	1.056218	-0.026778	7.497477	21.449674	86.133854	1	8.160569
1052881.583	21.148385	1.045347	-0.031034	7.400638	21.393904	86.138401	1	8.133306
1053046.15	21.381523	5.951786	-0.14839	23.994217	21.446613	86.141534	6	28.82917
1053047.884	21.338754	5.96953	-0.154649	24.006343	21.382562	86.135964	6	28.841189
1053049.033	21.381153	5.968608	-0.146965	24.038287	21.431668	86.138187	6	28.854302
1053049.299	21.337833	5.980419	-0.149685	24.057323	21.48498	86.13735	6	28.845079
1053053.16	21.359308	5.929079	-0.085926	24.012601	21.284443	86.132738	6	28.957188
1053055.211	21.297104	5.922659	-0.078578	23.996732	21.390337	86.132552	6	29.0153
1053055.667	21.288218	5.931125	-0.072441	23.958659	21.474984	86.132236	6	29.018424
1053059.336	21.23989	5.954971	-0.051039	24.03391	21.548655	86.136634	6	29.052014
1053060.697	21.33394	5.971022	-0.045433	24.066059	21.495851	86.139349	6	29.051207
1053061.502	21.3469	5.965792	-0.036436	24.073417	21.480167	86.140502	6	29.063323
1053061.853	21.31876	5.97342	-0.03096	24.07459	21.524222	86.140614	6	29.059529
1053065.58	21.37726	6.016771	-0.017251	24.098376	21.527924	86.138131	6	29.022961
1053065.852	21.425021	6.019612	-0.0056	24.075838	21.420932	86.139349	6	29.018807
1053068.546	21.478703	6.032495	-0.005823	24.130153	21.460546	86.140948	6	28.968632
1053069.796	21.443162	6.033769	-0.014419	24.107522	21.358361	86.135239	6	28.953622
1053070.257	21.466856	6.036259	-0.021702	24.09087	21.436481	86.142864	6	28.945661
1053071.607	21.40799	6.041707	-0.031109	24.083326	21.548655	86.140418	6	28.925672
1053073.19	21.42298	6.031833	-0.02499	24.062558	21.398112	86.140177	6	28.917709
1053075.036	21.363931	6.011641	0.010205	24.07079	21.489423	86.135109	6	28.920086
1053075.329	21.405399	6.013753	0.014731	24.0533	21.471652	86.138187	6	28.91669
1053077.203	21.365222	6.000736	0.013911	24.023479	21.495716	86.135964	6	28.923232
1053080.015	21.341346	5.985246	-0.061377	23.975032	21.368963	86.139702	6	28.933908
1053080.413	21.341346	5.994148	-0.0677	23.95797	21.463878	86.140232	6	28.925661
1053081.875	21.259516	6.009068	-0.087798	23.942864	21.393769	86.13921	6	28.912477
1053083.708	21.366523	6.007467	-0.079789	23.952419	21.369333	86.138456	6	28.916061
1053084.871	21.396323	6.014491	-0.06703	23.963837	21.335775	86.138661	6	28.904569
1053085.303	21.295062	6.015438	-0.066313	23.955604	21.397101	86.144547	6	28.901618
1053086.989	21.425942	6.026133	-0.061665	23.960559	21.406357	86.13814	6	28.882003
1053088.513	21.271174	6.005154	-0.056832	23.98306	21.250612	86.133993	6	28.894447
1053089.116	21.440751	6.003368	-0.064692	23.976298	21.358596	86.136811	6	28.895623
1053090.852	21.346159	5.989714	-0.087854	23.977677	21.316756	86.132468	6	28.902637
1053091.612	21.486658	5.964887	-0.086653	24.004946	21.354893	86.141962	6	28.931669
1053093.417	21.369295	5.969832	-0.076669	23.950613	21.408344	86.133816	6	28.945592
1053093.699	21.378921	5.966337	-0.077777	23.95784	21.319718	86.137908	6	28.951889
1053095.801	21.379291	5.932348	-0.05808	23.901923	21.413022	86.136141	6	29.025094
1053096.501	21.34727	5.94239	-0.053218	23.924834	21.403395	86.139777	6	29.02927
1053097.653	21.390029	5.972405	-0.061079	23.913285	21.374516	86.130785	6	29.016052
1053098.388	21.445013	5.957628	-0.072255	23.901234	21.332307	86.130618	6	29.039125
1053100.685	21.454079	5.977611	-0.073726	23.905909	21.34318	86.139033	6	29.042885
1053101.56	21.442232	5.983646	-0.077777	23.939902	21.363174	86.137424	6	29.042123
1053103.268	21.400395	5.996344	-0.090201	23.945732	21.400063	86.132598	6	29.031112
1053103.553	21.388177	5.996378	-0.094932	23.958659	21.447823	86.138903	6	29.031402
1053105.766	21.510351	6.006687	-0.093843	23.954673	21.407838	86.130925	6	29.015287
1053106.043	21.468888	6.00595	-0.090797	23.98835	21.407838	86.130925	6	29.015426
1053107.234	21.391139	6.012748	-0.090164	23.992932	21.385759	86.131455	6	29.002898
1053109.116	21.458521	5.997442	-0.082583	23.956536	21.39525	86.135332	6	29.022438
1053110.428	21.390399	5.995179	-0.077237	23.945583	21.38044	86.135648	6	29.024825
1053111.684	21.419648	5.957628	-0.056674	23.896056	21.457449	86.135992	6	29.072131
1053111.957	21.432976	5.954636	-0.048813	23.9356	21.464483	86.13668	6	29.078947
1053113.89	21.50887	5.950244	0.003872	23.81328	21.438197	86.1392	6	29.114968
1053116.32	21.48962	5.952951	0.005483	23.799273	21.419316	86.139433	6	29.146858
1053116.779	21.478883	5.961232	0.003257	23.762318	21.479662	86.13827	6	29.145388
1053118.631	21.414284	5.963889	-0.017511	23.793703	21.438568	86.132375	6	29.162242
1053118.917	21.562919	5.964769	-0.018061	23.784297	21.352301	86.134886	6	29.164674
1053120.633	21.400215	5.969505	-0.023602	23.788432	21.435976	86.137647	6	29.179209
1053122.258	21.454449	5.971207	-0.029954	23.779231	21.406728	86.13881	6	29.193958
1053124.928	21.559037	5.830885	-0.013535	23.642252	21.397101	86.138242	6	29.432749
1053126.418	21.633072	5.862317	-0.023565	23.530307	21.449439	86.130757	6	29.478021
1053126.81	21.471299	5.866458	-0.031547	23.518274	21.228259	86.129465	6	29.492409
1053128.473	21.574955	5.902894	-0.051356	23.514754	21.505947	86.135555	6	29.515745
1053130.17	21.463154	5.914411	-0.067877	23.497301	21.390437	86.130134	6	29.559252
1053130.866	21.403547	5.941141	-0.067924	23.516709	21.404876	86.130525	6	29.550677
1053133.007	21.468898	6.029344	-0.076054	23.595816	21.369568	86.139033	6	29.468175
1053133.444	21.480004	6.020559	-0.071649	23.595835	21.462497	86.137248	6	29.474093
1053135.596	21.494993	6.007844	-0.044883	23.690233	21.326383	86.137117	6	29.478488
1053136.264	21.5446	6.006176	-0.044082	23.669185	21.369333	86.133668	6	29.479562
1053138.113	21.426322	5.975029	-0.033214	23.692003	21.46731	86.139702	6	29.522101
1053138.395	21.343197	5.959372	-0.036352	23.671477	21.407703	86.145049	6	29.541105
1053140.12	21.415956	5.950612	-0.028902	23.675034	21.492619	86.138484	6	29.573168
1053141.673	21.480004	5.889609	-0.011113	23.617739	21.485585	86.137294	6	29.675578
1053141.953	21.402997	5.873038	-0.009986	23.584752	21.423994	86.133863	6	29.703152
1053144.484	21.409852	5.904311	-0.022438	23.499405	21.584293	86.138466	6	29.762316
1053145.511	21.478523	5.895049	-0.023705	23.47575	21.498913	86.135602	6	29.805351
1053145.919	21.483336	5.908133	-0.019598	23.483051	21.554678	86.137517	6	29.805626
1053148.366	21.559227	5.905685	-0.008561	23.519205	21.506922	86.137647	6	29.888578
1053148.659	21.487409	5.902534	-0.000971	23.516784	21.472123	86.135062	6	29.901204
1053152.107	21.464825	5.916523	-0.055007	23.599876	21.482859	86.135555	6	29.982662
1053152.398	21.539977	5.916892	-0.06269	23.570447	21.413727	86.141915	6	29.990382
1053153.58	21.494443	5.929255	-0.068296	23.596673	21.5116	86.132961	6	30.010524
1053155.563	21.530162	5.9226	-0.065847	23.63143	21.452366	86.132003	6	30.061602
1053157.603	21.554045	5.946715	-0.089931	23.652757	21.422748	86.132143	6	30.078874
1053157.885	21.505549	5.947092	-0.097354	23.612077	21.500359	86.134756	6	30.08351
1053158.615	21.470379	5.942105	-0.111715	23.65678	21.489758	86.131008	6	30.101799
1053159.784	21.493332	5.946019	-0.120357	23.657041	21.571201	86.135211	6	30.120346
1053160.862	21.541268	5.949397	-0.116427	23.663542	21.477911	86.135778	6	30.135901
1053163.844	21.37726	5.956228	-0.069759	23.688501	21.404842	86.139386	6	30.175769
1053164.704	21.5074	5.947436	-0.060678	23.707016	21.449269	86.138131	6	30.198194
1053165.305	21.54442	5.955876	-0.049502	23.692264	21.500494	86.133324	6	30.198846
1053166.106	21.500546	5.958341	-0.045041	23.700925	21.409049	86.13748	6	30.208706
1053167.969	21.509801	5.959204	-0.03774	23.719384	21.575138	86.139163	6	30.233188
1053168.326	21.460013	5.9514	-0.041297	23.723277	21.575138	86.139163	6	30.245935
1053170.193	21.434097	5.947981	-0.051868	23.711523	21.461857	86.136727	6	30.279395
1053170.779	21.520357	5.951627	-0.051011	23.706215	21.430893	86.134086	6	30.28569
1053172.517	21.467047	5.948802	-0.071156	23.698913	21.382257	86.13695	6	30.31562
1053173.393	21.40707	5.949213	-0.083291	23.65557	21.340553	86.137424	6	30.330289
1053174.765	21.486298	5.893079	-0.065326	23.624538	21.430388	86.131613	6	30.427653
1053175.367	21.470379	5.901947	-0.073335	23.613474	21.451491	86.137024	6	30.439777
1053177.842	21.440761	5.952348	-0.090257	23.66682	21.486661	86.131845	6	30.449097
1053178.179	21.408551	5.958626	-0.101377	23.702359	21.453712	86.136327	6	30.447882
1053180.941	21.417987	6.059728	-0.128618	23.792083	21.46667	86.139423	6	30.37963
1051000.354	21.118944	5.061083	-0.073382	22.517959	21.3728	86.147401	5	24.838972
1051001.147	21.066925	5.066389	-0.072292	22.494024	21.376368	86.141962	5	24.815759
1051005.48	21.014136	5.072558	-0.090229	22.425907	21.405887	86.146286	5	24.705562
1051005.8	21.028951	5.070286	-0.087892	22.411565	21.497332	86.145263	5	24.700281
1051007.535	21.08248	5.033331	-0.082192	22.365502	21.354929	86.146602	5	24.71156
1051007.796	21.11544	5.03375	-0.081819	22.363918	21.480068	86.148387	5	24.707996
1051009.979	20.985988	5.02173	-0.091254	22.36647	21.494136	86.145263	5	24.705358
1051011.6	21.084331	5.018805	-0.09253	22.371201	21.411071	86.138903	5	24.70244
1051011.94	20.997298	5.006575	-0.094653	22.376063	21.444897	86.144091	5	24.713263
1051013.385	20.998211	5.016248	-0.082034	22.378279	21.464383	86.147364	5	24.695321
1051015.184	20.9569	5.063966	-0.070988	22.371686	21.485486	86.146025	5	24.628639
1051015.44	20.991345	5.061452	-0.066005	22.360137	21.485486	86.146025	5	24.625456
1051017.829	21.087665	5.091015	-0.059132	22.390591	21.482894	86.147448	5	24.538337
1051018.7	21.031742	5.103194	-0.047696	22.382358	21.488817	86.147048	5	24.498141
1051019.034	21.147658	5.101945	-0.046587	22.388244	21.400099	86.145439	5	24.488105
1051021.751	21.015618	5.117761	-0.025688	22.33298	21.46711	86.144956	5	24.372439
1051022.724	21.065074	5.109631	-0.02146	22.300328	21.388991	86.14503	5	24.340576
1051023.348	21.124328	5.10632	-0.018229	22.263894	21.43416	86.1461	5	24.322891
1051025.256	21.176001	5.109606	0.001022	22.1575	21.381587	86.139925	5	24.250807
1051026.332	21.034903	5.08379	0.011807	22.148187	21.510425	86.147308	5	24.242582
1051027.875	21.078036	5.0468	0.016463	22.082528	21.396396	86.145477	5	24.247877
1051028.385	21.148597	5.043079	0.015085	22.05321	21.514867	86.139879	5	24.244202
1051030.893	21.098034	5.057839	-0.013563	22.013517	21.469937	86.147225	5	24.191896
1051031.197	21.078036	5.044034	-0.015155	21.979394	21.425139	86.149354	5	24.200776
1051032.053	21.110996	5.042383	-0.032627	21.987236	21.452906	86.146825	5	24.190439
1051034.568	21.109144	5.010766	-0.041037	21.939179	21.564843	86.147764	5	24.19783
1051035.406	21.072481	5.000063	-0.033158	21.929121	21.455868	86.140056	5	24.206993
1051036.221	21.13971	4.990365	-0.03069	21.904683	21.454758	86.147048	5	24.218507
1051039.452	21.125809	4.985671	-0.024012	21.879575	21.530786	86.147494	5	24.23616
1051039.7	21.084901	4.989728	-0.025968	21.877228	21.530786	86.147494	5	24.233223
1051041.745	21.159508	4.982	-0.041791	21.815947	21.508809	86.145012	5	24.249892
1051042.317	21.098973	4.972662	-0.047956	21.846885	21.451426	86.147401	5	24.263656
1051044.15	21.243937	4.956527	-0.064879	21.793539	21.514732	86.146509	5	24.304639
1051044.916	21.102848	4.954834	-0.071472	21.799909	21.475625	86.146248	5	24.318138
1051045.834	21.089887	4.949436	-0.073009	21.782363	21.521531	86.146555	5	24.337113
1051047.479	21.14988	4.959201	-0.082462	21.755131	21.436617	86.141915	5	24.349771
1051049.325	21.173011	4.962495	-0.093368	21.785139	21.377008	86.143171	5	24.369047
1051049.776	21.240036	4.962068	-0.093694	21.794321	21.491039	86.146509	5	24.375255
1051050.63	21.048408	4.95594	-0.092436	21.79814	21.462027	86.143821	5	24.393078
1051053.173	21.098206	4.958522	-0.105978	21.800729	21.501405	86.144733	5	24.428902
1051053.431	21.196368	4.959377	-0.101899	21.85767	21.479797	86.147364	5	24.431632
1051056	21.01952	4.93947	-0.106537	21.844333	21.444021	86.140865	5	24.507686
1051056.305	21.067296	4.938447	-0.1054	21.83489	21.562722	86.139786	5	24.514839
1051058.059	21.135609	4.934541	-0.105782	21.833493	21.374281	86.139749	5	24.556414
1051060.382	21.113588	4.936863	-0.10486	21.878792	21.537549	86.144537	5	24.597788
1051060.838	21.10265	4.925749	-0.10174	21.879835	21.513486	86.148192	5	24.620262
1051063.289	21.083022	4.92134	-0.119342	21.890788	21.540511	86.14331	5	24.688312
1051064.6	21.09154	4.927442	-0.120646	21.883356	21.492619	86.147587	5	24.715887
1051065.85	21.063023	4.968823	-0.112842	21.950057	21.544953	86.145663	5	24.69398
1051066.131	21.130226	4.956209	-0.117666	21.928208	21.51113	86.146695	5	24.71013
1051068.913	21.050233	4.926696	-0.116353	21.987291	21.4419	86.140595	5	24.79774
1051070.65	20.993197	4.953602	-0.110774	22.017261	21.489658	86.143394	5	24.809485
1051070.924	21.020406	4.953091	-0.110504	22.054086	21.620705	86.14384	5	24.815895
1051072.204	21.103192	4.987381	-0.105102	22.075171	21.466199	86.143617	5	24.794499
1051074.364	20.935788	5.030799	-0.088944	22.136638	21.488917	86.141553	5	24.742075
1051075.493	21.000406	5.062835	-0.074928	22.17214	21.563327	86.145253	5	24.690478
1051075.765	21.011887	5.074553	-0.07707	22.146976	21.563327	86.145253	5	24.672477
1051077.591	21.053738	5.07555	-0.062429	22.176834	21.499148	86.146732	5	24.629983
1051078.833	20.991147	5.115113	-0.056469	22.1754	21.452366	86.135565	5	24.554328
1051080.515	21.03354	5.122338	-0.04628	22.157146	21.554543	86.138215	5	24.482113
1051080.786	21.021517	5.133125	-0.04615	22.189947	21.554543	86.138215	5	24.459658
1051082.956	21.110572	5.106312	-0.037991	22.130976	21.519509	86.143254	5	24.402292
1051084.465	21.061859	5.072591	-0.036585	22.080405	21.438162	86.145663	5	24.390957
1051084.908	21.005565	5.055534	-0.033456	22.07139	21.477911	86.135741	5	24.398372
1051085.606	21.066303	5.038745	-0.036091	22.012605	21.45038	86.139349	5	24.404379
1051088.041	21.014083	5.027899	-0.037712	21.930537	21.412381	86.146955	5	24.393044
1051088.314	21.091685	5.028259	-0.036138	21.918783	21.438533	86.141162	5	24.390125
1051090.379	21.010578	5.01463	-0.035728	21.892781	21.41817	86.145625	5	24.388402
1051090.705	21.039638	5.016055	-0.031351	21.867952	21.41817	86.145625	5	24.385242
1051093.007	20.993885	5.009551	-0.027858	21.845116	21.604753	86.147792	5	24.382323
1051093.28	21.107583	5.007824	-0.027197	21.803486	21.489488	86.143933	5	24.383265
1051095.727	21.024255	5.003231	-0.019681	21.78024	21.556629	86.141701	5	24.385098
1051095.999	21.16165	5.0079	-0.022671	21.773199	21.500729	86.152357	5	24.379887
1051097.547	21.106273	5.013382	-0.01848	21.762545	21.494301	86.149707	5	24.369799
1051098.904	21.028871	5.00743	-0.012948	21.792049	21.428772	86.144761	5	24.371622
1051099.984	21.138492	4.997573	-0.013702	21.758391	21.432104	86.140195	5	24.381517
1051100.512	21.097015	4.988563	-0.010648	21.770237	21.42544	86.146155	5	24.391728
1051102.295	21.064425	4.992125	-0.020389	21.749376	21.521696	86.149456	5	24.391317
1051103.954	21.004229	5.005385	-0.038559	21.77007	21.503556	86.149224	5	24.37643
1051104.986	21.199396	5.006257	-0.040618	21.771038	21.499113	86.142408	5	24.375793
1051105.406	21.067189	5.004312	-0.044101	21.764202	21.55821	86.141608	5	24.376945
1051107.044	21.221786	5.016634	-0.047211	21.750903	21.553398	86.147094	5	24.361175
1051109.379	21.133109	5.011085	-0.027523	21.691913	21.473064	86.146425	5	24.362518
1051110.672	21.118098	5.009643	-0.01509	21.715215	21.508369	86.147448	5	24.365022
1051110.94	21.081805	5.01282	-0.018834	21.694539	21.45802	86.146732	5	24.360861
1051112.525	21.111062	4.977272	-0.024692	21.706162	21.35644	86.146202	5	24.396287
1051114.483	21.043091	4.991756	-0.052576	21.681389	21.438498	86.14477	5	24.390384
1051114.83	21.159746	4.988663	-0.05225	21.673678	21.523412	86.146155	5	24.394461
1051117.214	21.134564	4.972151	-0.069991	21.713855	21.411236	86.139302	5	24.431455
1051118.354	21.072546	4.947885	-0.066434	21.688151	21.450985	86.142306	5	24.472742
1051119.017	21.088643	4.956804	-0.078448	21.678018	21.423959	86.143477	5	24.474541
1051121.113	21.143823	4.977205	-0.064087	21.694372	21.430623	86.13894	5	24.471653
1051121.467	21.01956	4.973115	-0.066061	21.692751	21.487872	86.146332	5	24.479232
1051123.222	21.166042	4.95097	-0.07557	21.680775	21.406053	86.14357	5	24.522978
1051123.594	21.047905	4.960458	-0.07394	21.671592	21.465424	86.147225	5	24.518945
1051125.563	21.077335	4.960911	-0.086066	21.672747	21.497498	86.1461	5	24.541909
1051126.055	21.071039	4.955932	-0.089363	21.639498	21.478752	86.14821	5	24.553561
1051128.106	21.105851	4.939906	-0.081	21.663675	21.468386	86.14106	5	24.606263
1051128.494	21.109554	4.939336	-0.083738	21.672449	21.452331	86.145932	5	24.615234
1051130.392	21.062693	4.952529	-0.091878	21.667904	21.455529	86.146286	5	24.637159
1051203.427	21.035754	7.955614	-0.125005	29.25483	21.575777	86.140325	8	35.447428
1051204.614	21.022421	7.989259	-0.124791	29.337941	21.500997	86.140279	8	35.425939
1051204.884	20.957236	8.007624	-0.111715	29.308251	21.583786	86.138986	8	35.407233
1051206.429	21.047778	8.024999	-0.07761	29.35992	21.442503	86.146155	8	35.383992
1051208.193	21.01094	8.044504	-0.062113	29.415166	21.477674	86.149652	8	35.341523
1051209.711	21.022421	8.049609	-0.064543	29.423753	21.480872	86.148192	8	35.310702
1051210.169	21.07037	8.042241	-0.063975	29.395832	21.50332	86.140279	8	35.310882
1051213.357	21.032223	8.010867	-0.062271	29.336935	21.649677	86.146146	8	35.321054
1051213.798	21.112958	8.016291	-0.068408	29.341536	21.484439	86.143394	8	35.313451
1051214.947	21.11481	8.008948	-0.069796	29.327119	21.508133	86.138308	8	35.314764
1051216.593	21.117946	7.97107	-0.064599	29.338165	21.444085	86.144156	8	35.363159
1051217.435	21.184801	7.970869	-0.065447	29.28208	21.602161	86.149131	8	35.371845
1051219.297	21.032026	7.923788	-0.094299	29.259337	21.498507	86.139349	8	35.447429
1051219.571	21.143498	7.925833	-0.106248	29.258537	21.543672	86.141385	8	35.452607
1051221.062	21.151645	7.919345	-0.114956	29.264963	21.532196	86.145923	8	35.498515
1051222.895	21.038124	7.930468	-0.133945	29.276269	21.487401	86.145746	8	35.532948
1051223.398	21.11202	7.937316	-0.138686	29.228846	21.536504	86.14583	8	35.536365
1051226.677	21.082764	7.950291	-0.139925	29.253154	21.506517	86.139256	8	35.596602
1051226.966	21.122389	7.939839	-0.143221	29.28981	21.506517	86.139256	8	35.612554
1051228.72	21.143671	7.962428	-0.142076	29.280907	21.473198	86.140762	8	35.623355
1051231.245	21.081085	8.00443	-0.142858	29.379664	21.440753	86.1461	8	35.595791
1051232.067	21.104416	7.986962	-0.145689	29.413676	21.535898	86.144454	8	35.61451
1051232.629	21.081825	7.977583	-0.14243	29.419618	21.501839	86.140548	8	35.627114
1051234.414	21.084615	7.957986	-0.135799	29.369848	21.45223	86.146871	8	35.65927
1051234.821	21.078492	7.958564	-0.133349	29.379143	21.458524	86.138996	8	35.664035
1051235.417	21.037013	7.967567	-0.135845	29.367557	21.442605	86.141041	8	35.661881
1051239.177	21.119402	7.977952	-0.114974	29.425634	21.498743	86.139656	8	35.693213
1051240.798	21.117007	7.962076	-0.104413	29.439399	21.492214	86.140418	8	35.731388
1051241.208	21.068863	7.967064	-0.096702	29.444578	21.497026	86.142399	8	35.731416
1051243.525	21.033112	7.967106	-0.081931	29.433141	21.462832	86.141832	8	35.758136
1051246.627	21.145152	7.980818	-0.084949	29.509696	21.507258	86.143561	8	35.760917
1051247.059	21.002199	7.982914	-0.089726	29.5072	21.551311	86.139777	8	35.761377
1051251.208	21.025335	7.946553	-0.088916	29.53987	21.420761	86.141441	8	35.862061
1051251.707	21.051827	7.952529	-0.090332	29.513346	21.481343	86.140623	8	35.864947
1051254.315	21.006817	8.025838	-0.088106	29.60348	21.50369	86.142845	8	35.796688
1051254.91	20.987384	8.062173	-0.080944	29.617822	21.456303	86.143161	8	35.749997
1051255.359	20.968866	8.042878	-0.075989	29.598879	21.450749	86.141776	8	35.762023
1051257.321	21.168655	8.102959	-0.054532	29.666642	21.439272	86.143301	8	35.648818
1051257.637	21.1394	8.086523	-0.051635	29.66193	21.503556	86.141004	8	35.655737
1051259.579	21.196058	8.079021	-0.054317	29.639094	21.428536	86.141943	8	35.609082
1051261.232	21.316401	8.109137	-0.068557	29.582022	21.415948	86.142417	8	35.527481
1051261.651	21.106268	8.102507	-0.063044	29.569878	21.424093	86.141729	8	35.519492
1051262.999	21.151991	8.087763	-0.0635	29.596495	21.482958	86.138047	8	35.488009
1051265.234	21.129598	8.094234	-0.039984	29.516438	21.39609	86.139163	8	35.407395
1051265.518	21.046445	8.09218	-0.043402	29.524317	21.466669	86.146778	8	35.400582
1051267.713	21.101453	8.018109	-0.03285	29.464899	21.537883	86.138986	8	35.434405
1051267.994	21.148485	8.020825	-0.036678	29.408554	21.487535	86.133686	8	35.430081
1051270.505	21.22662	8.047597	-0.05944	29.39207	21.453105	86.136969	8	35.380999
1051271.408	21.183295	8.046139	-0.06554	29.392889	21.317832	86.143022	8	35.367056
1051273.582	21.104219	7.98744	-0.064106	29.357499	21.482723	86.140865	8	35.420178
1051273.854	21.154953	7.972688	-0.062513	29.317415	21.386833	86.141794	8	35.436699
1051276.066	21.242913	7.981849	-0.060706	29.301228	21.35957	86.14292	8	35.446485
1051276.631	21.177172	7.967047	-0.068231	29.321922	21.356608	86.141339	8	35.465303
1051277.841	21.207537	7.957492	-0.068958	29.308958	21.447922	86.146778	8	35.487691
1051280.402	21.266981	7.970274	-0.063193	29.259356	21.393632	86.137815	8	35.514204
1051281.348	21.13424	7.963233	-0.070327	29.276641	21.40622	86.133714	8	35.530904
1051281.809	21.202921	7.939227	-0.069256	29.269042	21.421535	86.139256	8	35.561969
1051284.348	21.148855	7.934978	-0.085833	29.302737	21.437959	86.137973	8	35.629363
1051284.63	21.085529	7.945556	-0.092613	29.271892	21.340821	86.131408	8	35.624393
1051286.999	21.23605	7.901132	-0.094243	29.330435	21.343783	86.139832	8	35.727455
1051287.724	21.133302	7.928381	-0.094001	29.330491	21.44708	86.141032	8	35.72965
1051290.001	21.116267	7.867721	-0.08751	29.353178	21.527686	86.140325	8	35.850999
1051291.11	21.098293	7.867068	-0.080823	29.412987	21.441662	86.135927	8	35.903277
1051291.543	21.125352	7.88995	-0.088441	29.373015	21.33998	86.138717	8	35.897685
1051292.952	21.092195	7.969629	-0.095556	29.41336	21.45462	86.140995	8	35.85066
1051295.315	21.16552	8.034932	-0.078215	29.472703	21.452398	86.146379	8	35.782332
1051296.456	21.080912	8.035443	-0.072758	29.482166	21.374279	86.143422	8	35.770226
1051297.668	21.098664	8.068895	-0.061656	29.517724	21.355025	86.149754	8	35.716023
1051297.935	21.103675	8.076255	-0.06445	29.539815	21.409081	86.146918	8	35.702299
1051299.892	21.140708	8.1287	-0.049977	29.544546	21.453879	86.141162	8	35.582818
1051302.275	21.13182	8.044873	-0.038876	29.490771	21.460678	86.140818	8	35.592168
1051302.579	21.16626	8.037656	-0.039379	29.43221	21.580623	86.142882	8	35.595125
1051304.347	21.113674	8.044588	-0.046597	29.390859	21.457346	86.140679	8	35.569007
1051305.571	21.069234	8.017757	-0.042685	29.378863	21.417597	86.139832	8	35.583002
1051306.003	21.009607	7.993089	-0.032273	29.361559	21.509781	86.13668	8	35.606684
1051308.478	21.017384	7.969922	-0.041232	29.288637	21.42352	86.134309	8	35.650008
1051309.404	21.046272	7.972897	-0.053451	29.31205	21.387978	86.141171	8	35.654358
1051310.078	21.069604	7.983274	-0.054681	29.295231	21.404268	86.136755	8	35.649991
1051310.511	20.988693	7.981833	-0.065828	29.293443	21.443277	86.143524	8	35.653938
1051312.631	21.183295	7.959084	-0.092343	29.286756	21.451422	86.14251	8	35.701335
1051313.024	21.07311	7.955756	-0.102243	29.300223	21.601353	86.139749	8	35.70485
1051314.409	21.044593	7.974515	-0.110485	29.287091	21.54384	86.143794	8	35.70644
1051314.76	21.132537	7.970718	-0.113326	29.302029	21.54532	86.146825	8	35.713896
1051317.326	20.962174	7.939672	-0.125284	29.364819	21.542359	86.140818	8	35.770468
1051318.259	21.065876	7.924551	-0.105745	29.326151	21.474241	86.145969	8	35.806815
1051318.894	21.101799	7.925531	-0.090816	29.335278	21.460173	86.143003	8	35.821931
1051319.377	21.04126	7.935363	-0.082564	29.375455	21.484237	86.141116	8	35.822413
1051321.686	21.071999	7.949302	-0.071482	29.37281	21.49918	86.137201	8	35.84718
1051322.344	21.042717	7.915163	-0.073577	29.357965	21.527551	86.140902	8	35.897536
1051322.832	21.020496	7.922966	-0.078904	29.398011	21.518161	86.142231	8	35.900896
1051324.992	21.004767	7.950409	-0.124167	29.404177	21.465356	86.136011	8	35.917253
1051325.334	21.083826	7.969838	-0.119342	29.420363	21.465356	86.136011	8	35.902397
1051328.212	20.983632	7.937828	-0.112749	29.540467	21.430555	86.135165	8	35.9713
1051328.555	21.051605	7.928926	-0.101861	29.553784	21.430555	86.135165	8	35.9875
1051330.046	21.043631	7.940921	-0.089419	29.540727	21.538892	86.137024	8	36.011212
1051331.983	21.069012	7.990282	-0.0871	29.610558	21.475352	86.133193	8	35.982889
1051332.341	21.048445	8.007925	-0.08168	29.612216	21.455966	86.140232	8	35.965244
1051334.295	21.049729	8.083966	-0.101619	29.665748	21.559253	86.13655	8	35.860972
1051335.509	20.988447	8.093203	-0.099477	29.676961	21.461889	86.134532	8	35.816906
1051336.306	21.006595	8.087227	-0.092027	29.677371	21.467207	86.136439	8	35.797758
1051458.376	21.159208	3.069015	-0.036222	16.013062	21.545657	86.132645	3	17.005432
1051458.928	21.131063	3.047876	-0.045209	15.992592	21.434594	86.133221	3	17.015832
1051460.801	21.195868	3.049971	-0.062541	15.954594	21.503825	86.133993	3	16.981708
1051461.074	21.07255	3.049896	-0.062951	15.946137	21.503825	86.133993	3	16.977343
1051462.975	21.115139	3.012596	-0.073372	15.907413	21.535796	86.131957	3	16.992968
1051464.467	21.046059	2.998732	-0.069302	15.858407	21.537513	86.132645	3	17.003523
1051466.051	21.122349	3.006536	-0.059114	15.875748	21.490497	86.137787	3	16.993082
1051466.322	21.076994	3.010735	-0.056413	15.871706	21.490497	86.137787	3	16.988209
1051468.023	21.173824	2.984416	-0.042573	15.84345	21.487535	86.133324	3	17.01022
1051469.66	21.100303	2.963118	-0.059495	15.828232	21.45223	86.135016	3	17.052558
1051470.208	21.159555	2.957988	-0.061526	15.808078	21.453846	86.132013	3	17.065293
1051473.701	21.149927	2.971625	-0.088488	15.801726	21.447788	86.136904	3	17.087107
1051474.267	21.154174	2.965414	-0.085135	15.805861	21.516277	86.13655	3	17.099094
1051476.113	21.128622	2.943462	-0.083226	15.806308	21.609194	86.135425	3	17.151912
1051476.733	21.088256	2.935499	-0.070383	15.838514	21.422006	86.132775	3	17.173017
1051478.52	21.091392	2.969052	-0.065279	15.855426	21.488882	86.134839	3	17.169123
1051478.8	21.112501	2.97735	-0.069498	15.850248	21.479627	86.135016	3	17.163536
1051480.767	21.158988	3.009076	-0.056199	15.880684	21.484069	86.134439	3	17.136275
1051482.301	21.106032	3.038882	-0.043542	15.929187	21.431734	86.128321	3	17.092573
1051484.643	21.092503	3.090397	-0.03598	15.950682	21.444085	86.135509	3	16.991604
1051484.948	21.0051	3.102936	-0.032692	15.977281	21.445937	86.134291	3	16.969402
1051486.304	21.187132	3.136967	-0.017083	15.953234	21.527989	86.134616	3	16.881799
1051488.147	21.117316	3.143798	0.00132	15.952452	21.465054	86.129651	3	16.785825
1051489.218	21.135091	3.109893	0.011341	15.914994	21.408913	86.132292	3	16.772637
1051489.488	21.081764	3.104696	0.005604	15.914211	21.508873	86.142957	3	16.7682
1051491.108	21.120649	3.07572	-0.001958	15.823128	21.424093	86.135406	3	16.747303
1051492.421	21.125463	3.062024	-0.024552	15.719341	21.455327	86.134839	3	16.725996
1051493.661	21.057124	3.019654	-0.022764	15.696375	21.487401	86.135388	3	16.754538
1051494.438	21.155829	3.030416	-0.033083	15.645506	21.476295	86.133937	3	16.737798
1051496.073	21.126748	2.982664	-0.045609	15.547792	21.476295	86.139163	3	16.784192
1051496.895	21.127315	2.985036	-0.038951	15.533021	21.465558	86.13735	3	16.786711
1051499.993	21.083049	2.918208	-0.060464	15.47377	21.447417	86.13655	3	16.895505
1051501.043	21.039173	2.872677	-0.064655	15.444862	21.357954	86.136801	3	16.977625
1051501.316	21.208587	2.868335	-0.064385	15.436424	21.479492	86.137201	3	16.993947
1051502.392	21.093222	2.897202	-0.069898	15.385015	21.460375	86.139516	3	17.009831
1051504.656	21.123785	2.879994	-0.061069	15.443074	21.466063	86.141125	3	17.107443
1051505.107	21.099343	2.889424	-0.060408	15.435195	21.43483	86.137703	3	17.115199
1051507.153	21.10248	2.951358	-0.035952	15.512942	21.485684	86.128089	3	17.107996
1051508.265	21.073223	2.98367	-0.030876	15.522646	21.441494	86.130116	3	17.087943
1051508.532	21.049151	2.98947	-0.027216	15.564779	21.518128	86.135509	3	17.083501
1051510.434	21.139143	3.045646	-0.013479	15.595997	21.420761	86.13854	3	17.011029
1051511.842	21.100825	3.016703	0.009907	15.559247	21.476059	86.13921	3	17.026198
1051512.299	21.15156	3.001021	0.013129	15.541403	21.447047	86.136392	3	17.040673
1051514.402	21.116923	2.952171	0.008277	15.375944	21.489386	86.140995	3	17.10357
1051514.805	21.177285	2.952573	0.007625	15.350445	21.391647	86.143794	3	17.109445
1051517.719	21.117119	2.922122	-0.042862	15.264428	21.495546	86.143291	3	17.183083
1051518.276	21.243025	2.933127	-0.03665	15.239524	21.461991	86.133816	3	17.1847
1051520.711	21.247098	2.887111	-0.054103	15.167104	21.407567	86.138363	3	17.300095
1051521.783	21.167113	2.927889	-0.06296	15.19808	21.527888	86.134839	3	17.289947
1051522.054	21.247098	2.934904	-0.065409	15.18601	21.440888	86.136104	3	17.289029
1051525.18	21.189135	2.898049	-0.120562	15.209442	21.4699	86.140102	3	17.421412
1051525.506	21.206366	2.899315	-0.129354	15.236525	21.436075	86.136141	3	17.43104
1051527.394	21.191183	2.882341	-0.123207	15.264111	21.501603	86.136188	3	17.518205
1051529.967	21.099343	2.884739	-0.050396	15.38645	21.47791	86.136997	3	17.597019
1051530.235	21.056384	2.878662	-0.042452	15.369667	21.479761	86.134486	3	17.613372
1051532.769	21.070261	2.937855	-0.01563	15.472653	21.482723	86.131055	3	17.639799
1051533.334	21.126181	2.981382	-0.017297	15.475912	21.47101	86.130804	3	17.604189
1051534.53	21.074901	2.995254	-0.029414	15.50931	21.431632	86.136848	3	17.598384
1051536.925	21.108231	3.019972	-0.021861	15.525403	21.55084	86.132245	3	17.571687
1051537.561	21.187306	3.037348	-0.015491	15.548742	21.432002	86.134309	3	17.547698
1051539.162	21.228039	3.072552	-0.010443	15.573068	21.42066	86.128265	3	17.482088
1051539.595	21.227299	3.087044	-0.003178	15.57657	21.380674	86.131696	3	17.456134
1051540.997	21.182492	3.08981	-0.010191	15.589217	21.522705	86.133909	3	17.410709
1051541.819	21.117316	3.07831	-0.01401	15.586367	21.457548	86.133761	3	17.397642
1051542.365	21.125267	3.05925	-0.019719	15.580258	21.332305	86.133816	3	17.4053
1051545.051	21.25006	3.043551	-0.018452	15.491652	21.447451	86.136327	3	17.393527
1051545.34	21.236186	3.04407	-0.020119	15.479563	21.449302	86.138531	3	17.388505
1051546.304	21.183233	3.040617	-0.025381	15.455572	21.372663	86.135016	3	17.379222
1051548.288	21.24137	2.976856	-0.034089	15.423535	21.358223	86.138354	3	17.444101
1051548.733	21.232112	2.984927	-0.038271	15.382277	21.359704	86.13668	3	17.438383
1051550.261	21.243962	2.982337	-0.057204	15.364694	21.42352	86.132245	3	17.450026
1051552.152	21.182492	2.939246	-0.055807	15.319152	21.396863	86.130125	3	17.520542
1051553.201	21.22451	2.94192	-0.06011	15.312801	21.395012	86.137024	3	17.538552
1051554.304	21.139165	2.945105	-0.069246	15.260907	21.417967	86.137926	3	17.555375
1051554.789	21.186936	2.935818	-0.070969	15.295795	21.342066	86.137666	3	17.574397
1051556.695	21.175456	2.905123	-0.086122	15.260348	21.398109	86.139126	3	17.659082
1051557.128	21.169161	2.90447	-0.089745	15.251575	21.383905	86.139479	3	17.673492
1051558.689	21.162495	2.921401	-0.105084	15.267725	21.358358	86.13894	3	17.701704
1051560.992	21.108798	2.906414	-0.121624	15.281527	21.423655	86.138438	3	17.78962
1051562.075	21.128622	2.921703	-0.102485	15.351264	21.401205	86.136392	3	17.804228
1051562.658	21.113983	2.908116	-0.098807	15.355325	21.5467	86.140995	3	17.834175
1051564.275	21.047518	2.918954	-0.095817	15.388722	21.401946	86.136057	3	17.879369
1051566.967	21.190835	2.96321	-0.083505	15.539205	21.469832	86.139702	3	17.883497
1051568.09	21.125659	2.996654	-0.076883	15.548686	21.366402	86.140939	3	17.861088
1051568.494	21.152323	3.002907	-0.075039	15.551778	21.35654	86.1404	3	17.854556
1051570.19	21.176763	3.032126	-0.053647	15.539689	21.388887	86.148694	3	17.817281
1051571.446	21.206018	3.06624	-0.02865	15.569287	21.429478	86.139777	3	17.759587
1051572.072	21.225644	3.079132	-0.015686	15.571131	21.469832	86.140948	3	17.731826
1051574.968	21.18881	3.02972	0.046731	15.543545	21.429983	86.133668	3	17.712347
1051575.316	21.232309	3.039033	0.04702	15.507838	21.429983	86.133668	3	17.699168
1051577.04	21.255463	3.021707	0.036794	15.433947	21.508739	86.132189	3	17.697936
1051579.093	21.314141	2.982849	0.004393	15.405467	21.412717	86.129827	3	17.737142
1051579.446	21.19713	2.978624	-0.004054	15.393025	21.428402	86.134532	3	17.743925
1051581.113	21.253415	2.952163	-0.043095	15.330216	21.411236	86.137787	3	17.786292
1051583.837	21.265461	2.948852	-0.100474	15.291585	21.417295	86.13761	3	17.834459
1051584.368	21.170665	2.946362	-0.1149	15.273331	21.462462	86.136773	3	17.846867
1051585.711	21.315252	2.913195	-0.128786	15.240698	21.440249	86.133538	3	17.91735
1051587.292	21.162518	2.922994	-0.142458	15.22833	21.46704	86.137294	3	17.951598
1051588.445	21.099388	2.900362	-0.143911	15.238928	21.506652	86.14291	3	18.013261
1051588.969	21.185477	2.890044	-0.138928	15.262025	21.43483	86.138215	3	18.041394
