1054887.231	21.494116	6.918161	6.259686	0.314353	21.28973	86.131315	7	29.34068
1054887.969	21.401369	6.948428	6.253363	0.312454	21.264317	86.133361	7	29.324982
1054889.953	21.438022	7.013086	6.311133	0.336929	21.327868	86.123653	7	29.289343
1054890.356	21.446907	6.992449	6.318667	0.335345	21.267513	86.12608	7	29.3087
1054892.53	21.440434	6.838005	6.399832	0.358833	21.265896	86.125355	7	29.526623
1054893.141	21.449869	6.819221	6.399515	0.360342	21.384517	86.128228	7	29.580311
1054894.702	21.636447	6.872337	6.381736	0.331955	21.307873	86.128442	7	29.608858
1054895.047	21.565373	6.879193	6.364311	0.316849	21.309491	86.130423	7	29.616459
1054896.844	21.48578	6.840477	6.326434	0.296006	21.218031	86.131799	7	29.734224
1054897.177	21.576849	6.833839	6.311803	0.290921	21.25048	86.127875	7	29.758813
1054898.019	21.590916	6.886653	6.286155	0.266148	21.219005	86.133445	7	29.745798
1054900.072	21.662728	6.926258	6.262806	0.222544	21.298617	86.127503	7	29.7578
1054900.388	21.578879	6.943122	6.250569	0.223568	21.298617	86.127503	7	29.747722
1054902.11	21.489662	6.935075	6.280949	0.226455	21.264181	86.130013	7	29.787568
1054903.228	21.564812	6.905018	6.312492	0.220532	21.267377	86.129688	7	29.846518
1054905.946	21.550005	6.906166	6.367804	0.219303	21.361931	86.133361	7	29.938903
1054907.295	21.467999	6.927842	6.407096	0.214255	21.355871	86.131315	7	29.955816
1054907.567	21.616637	6.933148	6.399795	0.211331	21.26307	86.134477	7	29.956493
1054908.298	21.492433	6.945209	6.427669	0.199447	21.301579	86.133017	7	29.959877
1054910.154	21.440423	6.912947	6.435967	0.193617	21.2627	86.122547	7	30.037359
1054911.532	21.46911	6.92319	6.44013	0.200732	21.378222	86.125959	7	30.062763
1054912.369	21.409873	6.93267	6.440549	0.202576	21.25886	86.12767	7	30.073235
1054914.1	21.337855	6.933349	6.440633	0.199633	21.318241	86.130292	7	30.113098
1054915.707	21.470411	6.944245	6.446119	0.198404	21.288249	86.126359	7	30.132924
1054916.565	21.568324	6.952476	6.443576	0.206357	21.27219	86.128665	7	30.138457
1054918.741	21.558699	6.984906	6.448363	0.195032	21.287001	86.126713	7	30.135422
1054918.998	21.508913	6.993405	6.441518	0.198422	21.372669	86.127373	7	30.127851
1054921.659	21.440973	6.960908	6.460256	0.208164	21.356981	86.131743	7	30.17023
1054921.944	21.437461	6.951705	6.445057	0.197789	21.269228	86.130636	7	30.183677
1054923.499	21.438191	6.94857	6.471628	0.208481	21.394143	86.131929	7	30.211481
1054925.144	21.446156	6.968519	6.463497	0.20483	21.322041	86.127819	7	30.211444
1054925.424	21.431347	6.969542	6.481993	0.201533	21.299961	86.131362	7	30.213516
1054928.705	21.549635	6.961478	6.522059	0.225412	21.31218	86.11853	7	30.256982
1054928.997	21.460595	6.95779	6.508508	0.229007	21.31218	86.11853	7	30.264586
1054931.196	21.485949	6.958553	6.520699	0.233496	21.347218	86.122612	7	30.298395
1054931.488	21.424683	6.962484	6.533467	0.23018	21.295888	86.130571	7	30.298259
1054934.429	21.555547	6.950062	6.532927	0.2405	21.319956	86.12648	7	30.355627
1054935.752	21.48651	6.990706	6.534008	0.241394	21.264278	86.131808	7	30.329663
1054936.011	21.395614	6.997948	6.539977	0.247	21.345601	86.129158	7	30.323013
1054937.988	21.530934	7.032398	6.559805	0.278442	21.257242	86.128321	7	30.279379
1054938.257	21.442454	7.036052	6.577603	0.278274	21.373273	86.130358	7	30.272559
1054941.381	21.411164	7.063863	6.61575	0.305077	21.352402	86.129846	7	30.179873
1054941.666	21.551845	7.073075	6.632327	0.301259	21.416688	86.129074	7	30.16401
1054944.422	21.512784	7.108271	6.618302	0.332402	21.46963	86.133937	7	30.047138
1054944.834	21.474663	7.095647	6.615405	0.333911	21.336111	86.125671	7	30.046069
1054946.781	21.482797	7.109251	6.545752	0.334731	21.384107	86.127996	7	29.961474
1054948.885	21.667338	7.034032	6.531335	0.340579	21.489115	86.129158	7	29.98026
1054949.966	21.495754	7.051282	6.509933	0.335941	21.348933	86.12966	7	29.949279
1054950.244	21.686766	7.046672	6.517756	0.315117	21.334357	86.130636	7	29.949506
1054953.235	21.418378	7.003664	6.507931	0.292225	21.296589	86.132961	7	29.963885
1054953.679	21.45521	6.996431	6.509179	0.290828	21.456166	86.133361	7	29.970827
1054955.513	21.536106	6.968134	6.515353	0.255177	21.366432	86.131473	7	30.009604
1054955.972	21.487609	6.952912	6.501178	0.2432	21.38397	86.132636	7	30.031383
1054958.142	21.423	6.968025	6.48271	0.21541	21.340885	86.125597	7	30.052095
1054958.404	21.440771	6.977169	6.471227	0.213137	21.426041	86.125904	7	30.045373
1054961.496	21.560528	6.93205	6.475921	0.212616	21.347549	86.125699	7	30.151144
1054961.946	21.4391	6.935285	6.462435	0.222059	21.376195	86.122398	7	30.158647
1054964.003	21.619757	6.930641	6.470883	0.2028	21.432705	86.125801	7	30.203915
1054964.265	21.599217	6.917976	6.485225	0.2055	21.374948	86.125132	7	30.223171
1054965.975	21.47168	6.914406	6.475344	0.192816	21.445527	86.130032	7	30.279496
1054967.501	21.528692	6.959609	6.490561	0.189798	21.401976	86.132022	7	30.262672
1054968.734	21.394111	6.977094	6.503814	0.21785	21.352226	86.130497	7	30.259286
1054969.193	21.559598	6.987186	6.511786	0.222488	21.405172	86.125132	7	30.25113
1054970.616	21.495003	6.935469	6.557989	0.242623	21.44428	86.132515	7	30.323945
1054973.243	21.445204	6.944438	6.622902	0.250725	21.339735	86.129437	7	30.376838
1054973.517	21.42336	6.951261	6.624439	0.250353	21.446735	86.135286	7	30.3747
1054975.29	21.488889	6.99773	6.62389	0.261287	21.368245	86.129186	7	30.339092
1054977.69	21.393741	7.057074	6.634581	0.296025	21.365283	86.130506	7	30.253544
1054977.936	21.52647	7.064308	6.62294	0.296379	21.365283	86.130506	7	30.241461
1054979.872	21.441692	7.059848	6.652397	0.310274	21.389349	86.129651	7	30.200955
1054981.49	21.611423	7.101112	6.644835	0.311224	21.393792	86.126443	7	30.109989
1054981.788	21.461684	7.091901	6.635326	0.310926	21.412674	86.128219	7	30.109603
1054983.2	21.663246	7.099134	6.626488	0.339667	21.344179	86.129781	7	30.057622
1054985.861	21.641216	7.09315	6.601305	0.317762	21.397124	86.126294	7	29.98365
1054986.589	21.533124	7.081616	6.584876	0.315005	21.361444	86.128145	7	29.973669
1054988.171	21.672309	7.061164	6.566026	0.338549	21.418228	86.129437	7	29.95904
1054988.871	21.396333	7.067451	6.565151	0.345497	21.240131	86.12714	7	29.936589
1054990.254	21.459642	7.072119	6.564015	0.352072	21.305301	86.124156	7	29.895392
1054992.538	21.502957	7.072078	6.54564	0.349483	21.332935	86.133538	7	29.840921
1054992.812	21.570333	7.062187	6.544299	0.354419	21.227035	86.119209	7	29.844679
1054995.194	21.541278	7.027628	6.534036	0.361888	21.296648	86.128498	7	29.840422
1054995.467	21.559968	7.018601	6.544308	0.343932	21.314928	86.132096	7	29.847445
1054997.743	21.558857	6.984897	6.54591	0.352947	21.334416	86.126973	7	29.88117
1054998.014	21.475742	6.968217	6.548043	0.353469	21.309004	86.129679	7	29.899896
1055000.444	21.582729	6.98535	6.51472	0.343224	21.307522	86.12105	7	29.905074
1055001.251	21.647879	6.988409	6.490366	0.329199	21.248142	86.132868	7	29.905713
1055002.604	21.610862	6.995777	6.472335	0.334079	21.278271	86.1298	7	29.901359
1055004.325	21.517945	6.9609	6.48204	0.332347	21.256054	86.132422	7	29.940491
1055005.271	21.574955	6.96862	6.500052	0.319383	21.199905	86.12781	7	29.946628
1055007.449	21.717277	6.946014	6.520438	0.313012	21.314187	86.133863	7	30.001009
1055009.015	21.569212	6.954555	6.533076	0.3148	21.298772	86.129595	7	30.018308
1055009.777	21.52646	6.956047	6.539931	0.297143	21.233602	86.126713	7	30.028309
1055011.125	21.578467	6.96121	6.558641	0.285687	21.241613	86.124779	7	30.041678
1055012.473	21.573845	6.960364	6.568019	0.275256	21.368245	86.126006	7	30.058085
1055014.911	21.576246	6.933759	6.554618	0.259592	21.215692	86.131566	7	30.128822
1055016.063	21.656572	6.946441	6.547363	0.246125	21.290256	86.125132	7	30.1383
1055016.567	21.56514	6.951051	6.536569	0.250018	21.395643	86.126852	7	30.142301
1055018.473	21.636214	6.931228	6.512317	0.22314	21.339365	86.126657	7	30.19743
1055020.435	21.548482	6.942141	6.483269	0.207978	21.40032	86.126117	7	30.235492
1055021.705	21.528301	6.929024	6.474943	0.211815	21.365049	86.122965	7	30.275346
1055091.824	21.660454	4.047518	4.401782	0.218707	21.228652	86.133714	4	20.072548
1055093.74	21.494983	4.056571	4.403291	0.238544	21.17681	86.125411	4	20.029374
1055094.389	21.547001	4.046387	4.403654	0.255885	21.264064	86.125309	4	20.027442
1055096.714	21.588091	4.060912	4.396175	0.272854	20.993726	86.127373	4	19.983761
1055097.577	21.577166	4.062497	4.40791	0.293697	21.079044	86.125634	4	19.965293
1055097.939	21.560328	4.073242	4.418369	0.300924	21.089179	86.133807	4	19.946568
1055098.779	21.525339	4.091347	4.426751	0.311895	21.092376	86.130506	4	19.905937
1055099.813	21.577906	4.09537	4.441493	0.312547	21.151024	86.124816	4	19.86772
1055102.656	21.693027	4.154404	4.409819	0.362447	21.106585	86.127373	4	19.698682
1055103.041	21.510721	4.162099	4.399761	0.362205	21.019787	86.130218	4	19.670982
1055104.959	21.669338	4.112989	4.377791	0.349967	21.206805	86.128991	4	19.624052
1055105.641	21.729121	4.102059	4.361241	0.342163	21.076451	86.12582	4	19.610786
1055107.752	21.65102	4.06362	4.328906	0.321655	21.097833	86.126926	4	19.587698
1055108.614	21.709134	4.006497	4.323458	0.316179	21.037701	86.130739	4	19.636208
1055108.958	21.659534	4.015633	4.31257	0.312416	21.210644	86.13033	4	19.625553
1055111.993	21.737264	3.973112	4.236723	0.250819	21.11672	86.126936	4	19.665515
1055112.309	21.665266	3.971788	4.234963	0.253538	21.051774	86.127205	4	19.669875
1055116.113	21.659904	3.946064	4.212993	0.222059	21.048207	86.125959	4	19.719539
1055116.386	21.575315	3.936726	4.218768	0.220383	21.08992	86.124416	4	19.734328
1055118.278	21.657503	3.929375	4.200085	0.194418	21.161763	86.124648	4	19.784113
1055119.277	21.644177	3.919024	4.185408	0.200043	21.009924	86.123161	4	19.821971
1055120.417	21.570703	3.908932	4.184057	0.223959	21.020196	86.129614	4	19.859493
1055120.709	21.670458	3.927355	4.180574	0.220942	21.020196	86.129614	4	19.848903
1055123.077	21.638995	3.925327	4.191927	0.251973	21.089959	86.126266	4	19.92251
1055123.341	21.570883	3.939174	4.206018	0.247168	21.120424	86.12397	4	19.914671
1055126.419	21.69859	4.031308	4.26674	0.304724	21.106858	86.124555	4	19.837922
1055126.907	21.633072	4.024141	4.264579	0.308561	21.05575	86.130441	4	19.841279
1055130.069	21.695628	4.088003	4.300016	0.331136	21.199808	86.133184	4	19.723372
1055131.067	21.735053	4.073896	4.303285	0.359895	20.991074	86.129019	4	19.711576
1055131.368	21.770585	4.066495	4.311881	0.369115	21.086859	86.127057	4	19.712152
1055132.828	21.676201	4.052983	4.29467	0.348384	21.127226	86.125085	4	19.699306
1055135.436	21.722469	4.006497	4.302233	0.360007	21.031444	86.127094	4	19.718952
1055136.53	21.645668	3.995349	4.286456	0.353488	20.987604	86.126434	4	19.727854
1055136.973	21.668988	3.994645	4.27257	0.35332	21.146989	86.125978	4	19.729389
1055138.466	21.636224	4.008056	4.234619	0.32633	20.923294	86.132998	4	19.716622
1055138.776	21.701001	3.988157	4.239108	0.312826	21.028481	86.132915	4	19.736854
1055140.817	21.611423	3.973724	4.226041	0.310647	21.033295	86.130804	4	19.775204
1055142.3	21.548492	3.95028	4.180537	0.273561	21.135139	86.123849	4	19.817905
1055143.801	21.739315	3.923424	4.144523	0.241598	21.053294	86.131687	4	19.87975
1055144.827	21.656583	3.95199	4.127051	0.242288	21.101205	86.12754	4	19.875482
1055145.333	21.679532	3.941177	4.129547	0.23113	20.962185	86.128293	4	19.894673
1055147.301	21.533874	3.918034	4.107428	0.221314	21.003433	86.131315	4	19.956284
1055147.756	21.557567	3.912368	4.116769	0.209431	21.006766	86.123263	4	19.97461
1055149.412	21.470569	3.925855	4.145528	0.223196	21.002692	86.125141	4	20.009135
1055149.704	21.640116	3.91842	4.148369	0.218055	21.064405	86.126601	4	20.024183
1055151.988	21.728211	3.938361	4.196397	0.222339	21.089491	86.126294	4	20.055474
1055152.55	21.556266	3.940012	4.202088	0.21487	21.005655	86.132645	4	20.06685
1055154.454	21.732653	3.893769	4.208523	0.204737	21.125647	86.136057	4	20.163162
1055155.537	21.668428	3.925352	4.215005	0.217887	21.050468	86.12966	4	20.168095
1055157.044	21.573115	3.951545	4.189654	0.222655	21.128103	86.12675	4	20.174056
1055158.404	21.523139	3.953297	4.188202	0.22245	21.134165	86.129679	4	20.193333
1055158.659	21.640296	3.948553	4.178395	0.239177	21.030742	86.125364	4	20.201984
1055162.055	21.661775	3.915009	4.181887	0.249254	21.156014	86.128898	4	20.325521
1055163.269	21.498885	3.957144	4.187196	0.244989	21.210215	86.126406	4	20.306886
1055163.536	21.566821	3.966784	4.196006	0.244728	21.145781	86.127196	4	20.300681
1055166.266	21.681943	3.997654	4.204798	0.252849	21.037272	86.123486	4	20.289029
1055166.533	21.714886	4.006271	4.221757	0.263745	21.129994	86.136048	4	20.280443
1055167.419	21.535725	4.019028	4.220444	0.279969	21.136289	86.127689	4	20.26487
1055170.568	21.723399	4.062237	4.24098	0.301855	21.126291	86.132106	4	20.181789
1055171.9	21.722289	4.068464	4.253199	0.325045	21.205031	86.125309	4	20.149374
1055172.472	21.539057	4.072966	4.260565	0.317781	21.092824	86.132961	4	20.132803
1055174.486	21.829623	4.034895	4.283522	0.3346	21.172074	86.125504	4	20.131428
1055174.757	21.678982	4.02798	4.297259	0.33948	21.172074	86.125504	4	20.135546
1055179.123	21.630121	4.012046	4.293739	0.344975	21.079999	86.130664	4	20.113811
1055180.379	21.50722	4.017385	4.268295	0.342479	21.190959	86.131799	4	20.105383
1055180.812	21.643817	4.014678	4.264272	0.333837	21.211326	86.130097	4	20.106097
1055183.252	21.575526	4.028114	4.223638	0.343653	21.231829	86.129465	4	20.069055
1055183.544	21.618466	4.022649	4.233631	0.340896	21.171333	86.118577	4	20.072166
1055185.227	21.588662	3.991594	4.222269	0.34505	21.150595	86.123793	4	20.097639
1055185.703	21.597546	3.985282	4.217175	0.338419	21.304268	86.125262	4	20.105858
1055188.029	21.513704	3.969424	4.197794	0.349632	21.122958	86.126982	4	20.134902
1055188.301	21.721739	3.970656	4.196928	0.349855	21.182579	86.126982	4	20.136348
1055189.108	21.595146	3.957253	4.199657	0.36092	21.231829	86.125532	4	20.160185
1055192.697	21.64845	3.896778	4.192262	0.34518	21.265155	86.117451	4	20.336698
1055193.569	21.617726	3.900265	4.199377	0.33121	21.182442	86.127373	4	20.362531
1055194.067	21.681943	3.903953	4.188174	0.326293	21.254417	86.127252	4	20.375098
1055195.788	21.696749	3.915352	4.173179	0.323741	21.140597	86.130525	4	20.418419
1055198.308	21.616795	3.908638	4.12435	0.291629	21.123562	86.126573	4	20.506186
1055198.891	21.619757	3.920423	4.103116	0.28416	21.134165	86.12648	4	20.510688
1055200.628	21.72562	3.930063	4.06522	0.271289	21.292926	86.127029	4	20.543606
1055200.897	21.680653	3.929484	4.056792	0.264882	21.217758	86.131538	4	20.550499
1055202.58	21.596806	3.904104	4.053421	0.230795	21.190726	86.124593	4	20.629483
1055203.997	21.652151	3.912452	4.044759	0.216211	21.13319	86.128572	4	20.663826
1055204.259	21.764113	3.919686	4.03037	0.226772	21.189108	86.127252	4	20.663634
1055206.715	21.593845	3.931337	4.056261	0.227424	21.085554	86.127522	4	20.713146
1055207.163	21.637895	3.921379	4.072615	0.219992	21.11481	86.126034	4	20.734209
1055208.975	21.511292	3.923608	4.115251	0.222003	21.194292	86.128991	4	20.777015
1055210.072	21.713406	3.931546	4.125775	0.220104	21.146658	86.122435	4	20.795731
1055210.472	21.665657	3.929635	4.130143	0.212299	21.277238	86.125866	4	20.806873
1055212.842	21.72506	3.928093	4.156304	0.220178	21.22799	86.129019	4	20.858409
1055213.198	21.629751	3.927045	4.165803	0.216993	21.22799	86.129019	4	20.867895
1055215.294	21.467417	3.895973	4.154292	0.204625	21.244789	86.128405	4	20.962292
1055215.629	21.576626	3.917112	4.154106	0.205389	21.166889	86.129	4	20.951787
1055217.784	21.554785	3.916584	4.15907	0.216546	21.250948	86.128489	4	21.003773
1055218.663	21.444463	3.915185	4.143004	0.222804	21.179987	86.127856	4	21.029625
1055219.856	21.611423	3.907842	4.129482	0.228225	21.200354	86.127698	4	21.075317
1055220.197	21.508881	3.887298	4.139801	0.238153	21.152817	86.125755	4	21.107511
1055223.212	21.569773	3.979583	4.187168	0.269929	21.093194	86.129883	4	21.071681
1055224.348	21.522388	4.017461	4.213608	0.275853	21.265389	86.131734	4	21.033028
1055224.69	21.591433	4.024527	4.209268	0.279149	21.252799	86.125532	4	21.023541
1054464.135	21.419236	8.908888	7.523426	0.318954	21.324041	86.129409	9	34.30189
1054464.726	21.506416	8.924713	7.565932	0.321487	21.285765	86.124844	9	34.302646
1054466.756	21.409419	8.901026	7.679497	0.341418	21.311314	86.125002	9	34.386991
1054467.025	21.498272	8.912727	7.674477	0.333762	21.319322	86.121636	9	34.383643
1054468.698	21.599334	8.900766	7.713369	0.334265	21.420168	86.124462	9	34.445312
1054470.397	21.467723	8.914546	7.76733	0.336836	21.354497	86.123356	9	34.484321
1054470.874	21.421266	8.917077	7.77018	0.338326	21.363891	86.126536	9	34.494894
1054472.604	21.584897	8.921067	7.825314	0.326107	21.33043	86.124862	9	34.538566
1054473.713	21.585076	8.937629	7.825482	0.317874	21.286368	86.124369	9	34.546791
1054474.014	21.483834	8.936339	7.843959	0.310535	21.237999	86.127047	9	34.554377
1054475.325	21.46254	8.91525	7.853058	0.304947	21.323999	86.124109	9	34.607299
1054476.883	21.464021	8.897983	7.826059	0.283676	21.368429	86.12568	9	34.674139
1054477.212	21.577302	8.895066	7.84355	0.287587	21.304374	86.128349	9	34.688339
1054478.683	21.478829	8.922467	7.81208	0.266297	21.318952	86.124193	9	34.70657
1054480.499	21.466983	8.925735	7.802217	0.266241	21.410267	86.121766	9	34.746152
1054480.755	21.560644	8.924428	7.806138	0.274232	21.483941	86.122817	9	34.753799
1054482.352	21.409227	8.881865	7.815768	0.24903	21.304374	86.125457	9	34.844746
1054483.942	21.440697	8.85438	7.834208	0.23724	21.413091	86.12344	9	34.938576
1054485.259	21.612469	8.834205	7.847415	0.258604	21.302893	86.123746	9	35.029533
1054488.158	21.611359	8.868546	7.867531	0.226064	21.368059	86.127549	9	35.129712
1054488.432	21.625055	8.868311	7.85724	0.227219	21.382869	86.125857	9	35.141957
1054491.263	21.466421	8.89085	7.842888	0.212802	21.349176	86.123709	9	35.243969
1054492.116	21.436803	8.919105	7.83852	0.21148	21.456271	86.120948	9	35.245303
1054492.626	21.466983	8.942692	7.837468	0.220104	21.389396	86.122937	9	35.233002
1054493.272	21.430879	8.897162	7.843782	0.220606	21.323121	86.121189	9	35.29397
1054495.648	21.581923	8.900833	7.860239	0.214255	21.390507	86.123077	9	35.380063
1054498.159	21.540283	8.941376	7.887108	0.205538	21.357047	86.128572	9	35.400911
1054498.443	21.598211	8.944863	7.874451	0.202483	21.397541	86.120371	9	35.402811
1054500.369	21.543054	8.953278	7.871126	0.216714	21.327934	86.125039	9	35.424178
1054501.219	21.501783	8.93623	7.87962	0.236085	21.275726	86.122119	9	35.456433
1054501.558	21.473825	8.925702	7.889361	0.23642	21.324094	86.126369	9	35.474816
1054503.856	21.491774	8.935693	7.895545	0.242772	21.432576	86.121413	9	35.53369
1054504.557	21.513987	8.968592	7.923941	0.242046	21.400133	86.123272	9	35.51262
1054506.453	21.53713	8.987057	7.930032	0.269762	21.276837	86.127559	9	35.504106
1054507.132	21.573409	9.017735	7.957562	0.274362	21.298313	86.122482	9	35.473363
1054508.574	21.458276	9.049863	7.989767	0.29636	21.389396	86.125401	9	35.422564
1054510.058	21.674656	9.067834	8.010396	0.302693	21.479499	86.128619	9	35.380886
1054511.523	21.471974	9.080088	8.034573	0.335513	21.312753	86.125188	9	35.341614
1054512.607	21.589518	9.086953	8.039025	0.333576	21.312013	86.127075	9	35.297175
1054512.89	21.435514	9.079644	8.028277	0.334917	21.433084	86.12568	9	35.296915
1054514.949	21.509736	9.105133	8.053656	0.3498	21.35052	86.131343	9	35.207484
1054515.454	21.466051	9.109509	8.039602	0.349203	21.397541	86.124834	9	35.184983
1054518.097	21.559521	9.002438	8.035542	0.334042	21.334832	86.124369	9	35.231399
1054518.305	21.43402	8.98984	8.034452	0.342405	21.334832	86.124369	9	35.244364
1054520.351	21.532318	8.987158	8.041726	0.308821	21.325342	86.126229	9	35.256382
1054520.789	21.484932	8.995682	8.040347	0.321897	21.415175	86.128386	9	35.249409
1054523.629	21.492336	8.940622	7.952356	0.298502	21.342977	86.12092	9	35.335674
1054523.893	21.432169	8.942122	7.943369	0.299415	21.400736	86.125587	9	35.339313
1054526.867	21.439574	9.007534	7.904523	0.269762	21.382827	86.121766	9	35.297523
1054528.167	21.395516	8.961778	7.926959	0.243387	21.306554	86.124788	9	35.348413
1054528.878	21.472523	8.966363	7.9047	0.238506	21.387778	86.122705	9	35.350973
1054530.595	21.493625	8.985549	7.914367	0.232285	21.40666	86.12131	9	35.359183
1054531.392	21.504361	9.033083	7.896151	0.233831	21.555486	86.119739	9	35.307932
1054532.996	21.692041	8.987871	7.89263	0.219619	21.323724	86.127205	9	35.349898
1054533.509	21.451791	8.981559	7.876248	0.217757	21.483297	86.12078	9	35.358851
1054535.812	21.410887	8.950596	7.882693	0.21757	21.50662	86.12304	9	35.426013
1054536.129	21.472893	8.947612	7.881315	0.214907	21.430958	86.126852	9	35.434735
1054538.623	21.445676	8.99554	7.868705	0.217347	21.463908	86.125188	9	35.417586
1054538.965	21.318873	8.996906	7.875839	0.20889	21.366907	86.124918	9	35.411405
1054540.752	21.637066	8.970361	7.88667	0.212988	21.405179	86.124369	9	35.448463
1054541.033	21.408474	8.983562	7.873808	0.22178	21.430958	86.121636	9	35.437316
1054542.691	21.547113	8.99466	7.897464	0.221743	21.497598	86.130153	9	35.429947
1054544.338	21.378663	8.990578	7.950624	0.200732	21.406756	86.122212	9	35.440702
1054545.587	21.551185	8.991416	7.958009	0.206208	21.381209	86.122817	9	35.442809
1054546.018	21.402729	8.995926	7.962209	0.205389	21.423046	86.124341	9	35.439105
1054548.105	21.425314	8.980763	7.963169	0.183242	21.42971	86.127447	9	35.463227
1054548.991	21.363483	8.994576	7.987644	0.201589	21.419714	86.128898	9	35.452668
1054552.045	21.598939	8.99383	7.926977	0.206357	21.471408	86.126034	9	35.466035
1054552.81	21.564882	8.993159	7.930461	0.201738	21.403657	86.128619	9	35.468864
1054554.208	21.503979	8.986873	7.926083	0.20157	21.430917	86.129205	9	35.480276
1054555.08	21.48677	8.971844	7.903303	0.201645	21.450306	86.122705	9	35.501208
1054556.85	21.448638	8.959054	7.919499	0.199689	21.472752	86.126871	9	35.534866
1054557.124	21.345711	8.957486	7.937324	0.20686	21.403657	86.122482	9	35.54088
1054558.613	21.527851	8.96643	7.957422	0.203116	21.395608	86.123216	9	35.553119
1054561.758	21.418637	8.990385	7.954032	0.208481	21.418562	86.123077	9	35.547304
1054563.303	21.506021	8.979681	7.922041	0.21567	21.40991	86.119469	9	35.563265
1054563.985	21.348661	8.993528	7.937315	0.213212	21.397089	86.119757	9	35.552539
1054567.865	21.465465	8.95301	7.972398	0.240686	21.459013	86.127029	9	35.634721
1054568.32	21.505269	8.953396	7.978265	0.242958	21.41028	86.128628	9	35.641625
1054569.237	21.499345	8.954267	7.983686	0.247745	21.38941	86.125178	9	35.657051
1054570.885	21.389747	8.978307	7.993483	0.238134	21.447166	86.124425	9	35.651739
1054572.194	21.446763	9.004299	7.99814	0.264304	21.516259	86.125764	9	35.62678
1054572.509	21.444171	9.012253	7.976179	0.270227	21.430506	86.123328	9	35.617829
1054576.533	21.435286	9.092544	8.026564	0.293343	21.405193	86.128926	9	35.469596
1054577.368	21.531171	9.095964	8.01875	0.305394	21.403342	86.125532	9	35.440817
1054578.914	21.452316	9.092376	7.997944	0.312044	21.429492	86.125002	9	35.392141
1054579.172	21.428992	9.091513	8.016478	0.316738	21.429492	86.125002	9	35.385058
1054582.015	21.561706	9.138368	8.040571	0.334172	21.393853	86.124016	9	35.241398
1054582.36	21.403254	9.124898	8.04275	0.339071	21.466281	86.126657	9	35.240041
1054584.339	21.510619	9.053576	8.041772	0.345571	21.33656	86.128172	9	35.247009
1054585.773	21.501913	8.986555	8.05157	0.352612	21.386174	86.124639	9	35.308854
1054586.135	21.532831	8.984141	8.045656	0.348663	21.386174	86.124639	9	35.313101
1054587.38	21.486555	8.993872	8.033372	0.338028	21.557214	86.123886	9	35.309192
1054589.341	21.515061	8.992556	7.996286	0.303271	21.360257	86.124779	9	35.307729
1054590.701	21.466743	8.962264	7.972007	0.288239	21.448607	86.122119	9	35.354713
1054591.207	21.629627	8.966002	7.978377	0.302842	21.416397	86.125811	9	35.357391
1054592.973	21.530789	8.966446	7.970517	0.271941	21.434168	86.121543	9	35.369455
1054593.354	21.474887	8.972062	7.967639	0.264081	21.413065	86.122993	9	35.368
1054596.31	21.390105	8.981039	7.914852	0.231093	21.405056	86.122389	9	35.374635
1054596.997	21.51616	8.945693	7.9268	0.221668	21.44847	86.124462	9	35.419661
1054248.796	21.331761	6.203184	6.355855	0.299136	21.256152	86.123263	6	27.274078
1054251.134	21.434689	6.201667	6.314895	0.295764	21.315532	86.122166	6	27.11829
1054251.429	21.461345	6.201215	6.317363	0.292411	21.342561	86.123886	6	27.100192
1054253.156	21.356568	6.153999	6.252795	0.298297	21.334416	86.124341	6	27.046301
1054254.928	21.419509	6.13426	6.169749	0.294181	21.396988	86.122166	6	26.980831
1054255.21	21.371926	6.131846	6.161395	0.291406	21.308731	86.132013	6	26.970746
1054257.948	21.386188	6.104462	6.072742	0.299471	21.366628	86.124593	6	26.883233
1054259.114	21.466158	6.097002	6.052858	0.303364	21.230504	86.122259	6	26.849658
1054259.424	21.335834	6.096893	6.047978	0.303848	21.37639	86.127336	6	26.837809
1054261.096	21.402849	6.083784	6.040584	0.282986	21.303684	86.119423	6	26.799808
1054262.709	21.34435	6.079233	6.03005	0.285166	21.374773	86.124193	6	26.760453
1054263.022	21.411735	6.081362	6.02762	0.285371	21.244809	86.126136	6	26.749847
1054265.453	21.371748	6.032018	6.02924	0.29081	21.20889	86.122194	6	26.743507
1054265.725	21.337493	6.046661	6.029268	0.287457	21.255684	86.12595	6	26.725453
1054267.698	21.31972	6.022596	6.040369	0.290549	21.305301	86.126806	6	26.736131
1054269.335	21.350081	6.021775	6.014283	0.27643	21.264064	86.12317	6	26.726258
1054269.789	21.396733	6.026058	6.002912	0.282651	21.330109	86.12091	6	26.719567
1054271.545	21.36193	6.000745	6.000276	0.256053	21.243094	86.123523	6	26.735574
1054272.233	21.415615	6.003083	6.00483	0.276337	21.195325	86.118986	6	26.7332
1054273.29	21.309723	6.006696	6.005715	0.27399	21.256054	86.126517	6	26.720695
1054274.652	21.283804	6.030073	6.005566	0.276598	21.162368	86.124909	6	26.692609
1054276.472	21.366743	6.043392	6.000602	0.286358	21.275445	86.122677	6	26.658179
1054277.889	21.465225	6.058429	5.986371	0.296286	21.211014	86.127243	6	26.62488
1054278.837	21.366743	6.02061	5.988262	0.297012	21.191525	86.12661	6	26.652054
1054279.119	21.429313	6.018657	5.985431	0.301911	21.131631	86.127503	6	26.652138
1054281.395	21.320831	6.044465	5.990497	0.311094	21.145976	86.120994	6	26.605035
1054281.971	21.440228	6.047029	5.992378	0.308169	21.099315	86.130162	6	26.594047
1054283.559	21.439858	6.070625	6.001263	0.339052	21.148939	86.124741	6	26.544137
1054283.962	21.528339	6.06754	5.999913	0.340151	20.994875	86.126406	6	26.538193
1054285.873	21.434675	6.085905	6.017589	0.347732	20.976357	86.122119	6	26.474145
1054286.672	21.389698	6.079015	6.012718	0.34382	21.034134	86.12621	6	26.459654
1054288.439	21.424679	6.087506	6.008732	0.348067	20.999086	86.12609	6	26.403295
1054289.509	21.299904	6.064464	5.992974	0.363453	21.032418	86.123616	6	26.398891
1054289.779	21.466884	6.066878	5.988038	0.359876	21.011308	86.122212	6	26.390514
1054290.519	21.631249	6.05226	5.974795	0.352482	21.111536	86.125188	6	26.391884
1054293.301	21.470394	6.034281	5.959614	0.331955	21.053899	86.123216	6	26.37909
1054293.925	21.429492	6.030249	5.964932	0.322884	21.150693	86.124871	6	26.376207
1054295.614	21.455585	6.028246	5.982571	0.332179	21.130325	86.122194	6	26.361407
1054296.529	21.440036	6.020082	5.976043	0.330354	21.213509	86.120975	6	26.362061
1054298.292	21.532959	6.009085	5.961607	0.311466	20.97774	86.123393	6	26.36399
1054299.851	21.462442	5.980561	5.953505	0.319196	21.089588	86.119878	6	26.394584
1054300.302	21.547397	5.976286	5.954408	0.307108	20.987741	86.126573	6	26.401796
1054302.884	21.508526	5.972984	5.923619	0.313385	21.081207	86.12383	6	26.433986
1054303.336	21.513887	5.972037	5.913942	0.304146	21.13282	86.126759	6	26.43982
1054305.246	21.450402	5.968265	5.913914	0.305152	21.085417	86.124118	6	26.463493
1054305.656	21.410418	5.974275	5.917425	0.299471	21.085417	86.124118	6	26.461374
1054307.753	21.378207	5.968684	5.941603	0.286004	21.1374	86.121989	6	26.484603
1054309.441	21.468173	5.959363	5.944555	0.274754	21.095046	86.127429	6	26.512695
1054310.372	21.555363	5.975842	5.939898	0.285687	21.114206	86.12608	6	26.50536
1054311.268	21.437074	5.988038	5.926366	0.27507	21.000879	86.123058	6	26.500821
1054311.644	21.540925	5.979136	5.918394	0.275536	21.000879	86.123058	6	26.511338
1054313.922	21.539267	5.969681	5.894785	0.271475	20.989164	86.125039	6	26.545463
1054314.535	21.507415	5.970285	5.894971	0.267322	21.034719	86.127522	6	26.550653
1054315.468	21.47965	5.973981	5.88549	0.27358	20.984486	86.124834	6	26.555725
1054317.788	21.468543	5.983889	5.886804	0.257468	20.946337	86.122965	6	26.565792
1054318.2	21.580343	5.982212	5.885248	0.252569	20.97819	86.124927	6	26.5696
1054319.774	21.525185	5.96031	5.870859	0.25622	20.885222	86.126136	6	26.602944
1054320.466	21.452446	5.974719	5.872051	0.256481	20.997586	86.124779	6	26.596977
1054322.676	21.408196	5.981131	5.87749	0.247242	21.04624	86.123858	6	26.613028
1054323.287	21.500395	6.000837	5.876717	0.248695	20.908597	86.127243	6	26.594767
1054324.801	21.595151	5.978709	5.878254	0.243871	21.0286	86.125587	6	26.622304
1054328.137	21.576079	5.949447	5.886869	0.255661	20.911698	86.127912	6	26.702279
1054329.17	21.502603	5.954326	5.871558	0.262665	20.971837	86.12675	6	26.716577
1054329.611	21.465581	5.974828	5.856107	0.261045	20.947022	86.12515	6	26.701665
1054331.916	21.532219	6.014281	5.808144	0.237948	20.890255	86.129112	6	26.666334
1054332.801	21.49391	6.002631	5.823883	0.241673	20.924428	86.126573	6	26.676455
1054334.03	21.653651	5.994332	5.851506	0.239848	20.927665	86.126359	6	26.680956
1054335.049	21.488165	6.002161	5.880666	0.258753	20.926924	86.121143	6	26.671317
1054336.872	21.557584	5.994207	5.919214	0.271717	21.084837	86.126973	6	26.680321
1054337.437	21.607929	6.014374	5.924205	0.26788	21.015211	86.130283	6	26.658988
1054339.791	21.501684	6.018749	5.945952	0.250036	20.967941	86.127652	6	26.644732
1054340.083	21.515382	6.023904	5.940634	0.246777	20.926088	86.12688	6	26.637585
1054341.004	21.584608	6.018531	5.935242	0.258586	21.043496	86.123151	6	26.639529
1054343.424	21.535551	5.991625	5.929291	0.234018	20.993634	86.123216	6	26.661269
1054343.719	21.599415	5.989328	5.9278	0.230143	21.048955	86.121496	6	26.662081
1054345.154	21.472067	5.983134	5.925742	0.232751	20.966364	86.127996	6	26.676813
1054345.933	21.436896	5.952616	5.917165	0.229175	21.09673	86.128442	6	26.716318
1054348.18	21.446892	5.933765	5.929365	0.207698	21.043908	86.124416	6	26.770984
1054348.768	21.498722	5.93234	5.940122	0.197677	21.040341	86.12582	6	26.785122
1054350.248	21.453734	5.969438	5.931917	0.208462	21.072054	86.125671	6	26.774974
1054350.597	21.500011	5.955893	5.937142	0.207642	21.078117	86.124109	6	26.793261
1054353.172	21.39543	5.958131	5.924857	0.222804	21.108252	86.123746	6	26.828451
1054353.467	21.45948	5.944896	5.920583	0.206674	21.036035	86.121729	6	26.846331
1054355.889	21.46059	5.928719	5.920368	0.194921	21.105056	86.119079	6	26.923847
1054356.215	21.33693	5.931803	5.921803	0.201309	21.004691	86.123188	6	26.928522
1054357.729	21.409129	5.941912	5.905728	0.216881	21.067282	86.122082	6	26.950024
1054359.299	21.345254	5.972573	5.882864	0.225841	21.056541	86.121496	6	26.947479
1054359.592	21.331555	5.946748	5.88319	0.229175	20.93469	86.123058	6	26.977446
1054361.359	21.389506	5.911109	5.853723	0.246833	21.130006	86.122389	6	27.057792
1054362.464	21.397281	5.934352	5.840088	0.253184	20.912234	86.128489	6	27.055431
1054362.875	21.252494	5.968399	5.841718	0.254358	21.0083	86.122566	6	27.028579
1054364.353	21.336368	6.033501	5.856005	0.263429	21.131858	86.118735	6	26.960975
1054367.262	21.330814	6.076056	5.918403	0.298856	21.155558	86.120064	6	26.856239
1054367.946	21.421895	6.038337	5.941202	0.32037	21.222351	86.122203	6	26.880928
1054369.913	21.323779	6.056191	5.970855	0.307853	21.152733	86.121217	6	26.826307
1054370.546	21.454105	6.04993	5.984052	0.301408	21.253826	86.12582	6	26.821969
1054372.18	21.39931	6.069979	5.996485	0.318433	21.189532	86.120864	6	26.770579
1054372.569	21.348957	6.076768	5.997678	0.321171	21.183745	86.128675	6	26.754455
1054374.594	21.481679	6.06376	5.978679	0.333446	21.194113	86.120864	6	26.720965
1054374.913	21.472053	6.08158	5.976099	0.333725	21.194113	86.120864	6	26.695223
1054047.447	21.434058	8.049483	7.516795	0.218427	21.516815	86.116345	8	33.475775
1054048.057	21.446838	8.058711	7.517084	0.200509	21.543335	86.120362	8	33.455539
1054049.623	21.422403	8.054613	7.543133	0.231373	21.476328	86.122928	8	33.431595
1054050.067	21.360942	8.03028	7.547165	0.231373	21.464986	86.120808	8	33.446097
1054051.682	21.377604	7.97584	7.539193	0.244914	21.529638	86.125736	8	33.502426
1054053.425	21.479047	7.980014	7.480706	0.252346	21.590348	86.12357	8	33.524285
1054054.498	21.37279	8.039902	7.440753	0.252048	21.546801	86.121096	8	33.458602
1054054.884	21.396308	8.052132	7.429912	0.247652	21.431901	86.121189	8	33.440371
1054056.583	21.429067	8.05162	7.407858	0.273897	21.465221	86.114262	8	33.408007
1054057.721	21.41759	8.082726	7.452571	0.300905	21.450783	86.119785	8	33.352659
1054058.205	21.462209	8.084964	7.441973	0.297515	21.433752	86.124295	8	33.335437
1054059.993	21.360764	8.056306	7.490299	0.319345	21.402518	86.122854	8	33.322147
1054061.076	21.360394	8.075014	7.517447	0.328137	21.517926	86.127912	8	33.276512
1054061.492	21.484792	8.083597	7.527049	0.324058	21.515065	86.12621	8	33.257619
1054063.285	21.4648	8.030657	7.543105	0.343504	21.540239	86.125532	8	33.269742
1054064.6	21.435552	8.02142	7.529787	0.343839	21.468049	86.126973	8	33.269636
1054064.898	21.560134	8.026097	7.541643	0.348607	21.468049	86.126973	8	33.262673
1054067.734	21.483503	8.042601	7.508264	0.347229	21.526171	86.120204	8	33.213237
1054068.795	21.429629	8.027019	7.495579	0.347099	21.407331	86.116782	8	33.214661
1054069.325	21.46129	8.021085	7.489731	0.344416	21.41413	86.121636	8	33.215407
1054070.97	21.415011	7.998756	7.467472	0.352612	21.413861	86.118577	8	33.228052
1054071.637	21.38243	7.992637	7.4854	0.354996	21.377476	86.121859	8	33.236447
1054073.471	21.561793	8.08726	7.429046	0.328118	21.407836	86.121273	8	33.114145
1054076.769	21.571802	8.049877	7.448874	0.329217	21.406591	86.123393	8	33.049405
1054077.4	21.576422	8.025242	7.442205	0.322773	21.389694	86.122593	8	33.066008
1054078.969	21.617882	7.995939	7.425889	0.309604	21.348597	86.123746	8	33.088696
1054079.82	21.487397	7.985529	7.399923	0.300235	21.521123	86.12078	8	33.101027
1054081.53	21.478141	7.976108	7.377097	0.294125	21.408947	86.116782	8	33.125044
1054081.804	21.491839	7.989753	7.37379	0.296398	21.49743	86.123374	8	33.112977
1054083.891	21.56773	8.007079	7.359597	0.274567	21.511498	86.120538	8	33.092183
1054084.311	21.546629	8.009275	7.354112	0.277827	21.438195	86.126443	8	33.088653
1054085.935	21.495911	7.984414	7.329236	0.276523	21.401912	86.120092	8	33.115215
1054086.261	21.496474	7.97397	7.348607	0.266893	21.458692	86.120724	8	33.127713
1054088.039	21.567922	7.948439	7.331592	0.254041	21.559892	86.125866	8	33.175208
1054089.436	21.42391	7.962479	7.333641	0.257934	21.458692	86.125225	8	33.180336
1054089.788	21.533316	7.96579	7.322214	0.257934	21.449302	86.130841	8	33.181079
1054090.654	21.418535	7.977155	7.344063	0.2584	21.36785	86.123374	8	33.176656
1054093.247	21.450937	7.996752	7.370298	0.227144	21.383669	86.125057	8	33.169713
1054093.679	21.43909	7.989619	7.368594	0.216639	21.415746	86.121673	8	33.177189
1054095.685	21.438541	7.959461	7.357539	0.214311	21.376635	86.122119	8	33.231204
1054095.991	21.462414	7.965647	7.340896	0.226064	21.414164	86.124844	8	33.228598
1054098.455	21.420578	7.978698	7.358526	0.211368	21.416991	86.122658	8	33.240923
1054099.531	21.530354	7.978606	7.353283	0.218651	21.384545	86.125485	8	33.2488
1054100.921	21.533316	7.985437	7.376156	0.213603	21.346779	86.124462	8	33.248825
1054101.193	21.406523	7.981237	7.360631	0.219303	21.442907	86.118177	8	33.254681
1054103.846	21.418919	7.993643	7.366955	0.206208	21.439844	86.120325	8	33.262143
1054104.419	21.543311	7.986049	7.348589	0.210679	21.436512	86.124072	8	33.271248
1054104.931	21.433536	7.993877	7.347946	0.210362	21.388752	86.117944	8	33.265824
1054108.185	21.532205	7.949369	7.341865	0.20524	21.366167	86.124955	8	33.329531
1054108.617	21.419111	7.94263	7.3445	0.204066	21.454418	86.124565	8	33.344068
1054110.524	21.438541	7.977985	7.333446	0.200471	21.394575	86.128098	8	33.333816
1054110.797	21.463908	7.978128	7.327802	0.196932	21.351626	86.124193	8	33.335247
1054113.603	21.533508	7.999158	7.355462	0.204718	21.35644	86.125085	8	33.330922
1054113.864	21.475193	8.018353	7.370922	0.217943	21.35644	86.125085	8	33.310531
1054115.646	21.575887	8.010474	7.392855	0.212727	21.301641	86.124081	8	33.309886
1054116.784	21.477977	8.016073	7.389576	0.211312	21.3214	86.123691	8	33.297309
1054120.88	21.422443	8.005478	7.469447	0.228187	21.318203	86.125541	8	33.288366
1054121.596	21.490194	8.010993	7.455197	0.233645	21.279559	86.125364	8	33.282449
1054122.918	21.450773	8.022275	7.464194	0.237557	21.290938	86.119172	8	33.264016
1054123.685	21.444849	7.999368	7.468189	0.22802	21.28131	86.117005	8	33.285806
1054127.113	21.439117	7.998538	7.447523	0.238879	21.371284	86.124611	8	33.276683
1054127.565	21.38413	8.012359	7.4279	0.219973	21.303662	86.123616	8	33.262698
1054129.359	21.382471	8.014924	7.423346	0.216881	21.258858	86.126471	8	33.250783
1054129.8	21.51242	8.000776	7.417358	0.216863	21.222064	86.126266	8	33.263787
1054132.238	21.505756	7.994079	7.410363	0.219563	21.208498	86.124369	8	33.273549
1054132.512	21.38062	7.992863	7.411407	0.221854	21.188132	86.12661	8	33.275442
1054134.492	21.585156	7.998546	7.416892	0.22476	21.213077	86.123607	8	33.276285
1054135.329	21.41412	7.993819	7.410838	0.21988	21.26751	86.124779	8	33.282
1054137.643	21.556473	7.995009	7.440408	0.222991	21.159753	86.121087	8	33.281521
1054138.464	21.479664	7.993349	7.436087	0.222171	21.274916	86.122231	8	33.284476
1054139.868	21.267141	7.959411	7.43347	0.232192	21.260104	86.123616	8	33.322906
1054140.128	21.463182	7.926948	7.426568	0.232676	21.340588	86.120604	8	33.360032
1054142.766	21.357679	7.828528	7.415979	0.240015	21.302216	86.117712	8	33.586584
1054143.838	21.381375	7.886078	7.397148	0.236104	21.244687	86.117498	8	33.57951
1054144.129	21.414134	7.888701	7.374284	0.234036	21.351696	86.122789	8	33.587765
1054147.644	21.537978	7.96734	7.358805	0.241636	21.246304	86.122026	8	33.586127
1054148.113	21.396733	7.968287	7.370689	0.243741	21.288146	86.12582	8	33.590404
1054149.94	21.481337	7.987356	7.387229	0.259834	21.254585	86.125355	8	33.585278
1054150.179	21.525939	7.988454	7.386363	0.261566	21.254585	86.125355	8	33.585202
1054152.864	21.334901	8.068166	7.439849	0.263019	21.321	86.127866	8	33.49426
1054153.515	21.416726	8.046641	7.447635	0.268886	21.294205	86.120743	8	33.503763
1054155.176	21.445796	8.033758	7.454117	0.282241	21.353213	86.126034	8	33.497077
1054155.697	21.525762	8.029123	7.47876	0.291387	21.349004	86.122714	8	33.496723
1054157.977	21.411735	8.010842	7.489898	0.294907	21.255226	86.124369	8	33.493089
1054158.57	21.530574	8.028243	7.495738	0.303494	21.219173	86.123263	8	33.473092
1054160.158	21.476524	8.025729	7.493521	0.311075	21.398518	86.122742	8	33.455677
1054161.512	21.47023	8.032535	7.501009	0.319234	21.354964	86.120018	8	33.433521
1054162.58	21.482996	8.037346	7.470806	0.303345	21.29276	86.126266	8	33.416477
1054164.14	21.552786	8.038293	7.44851	0.301576	21.273506	86.117414	8	33.397111
1054165.222	21.514107	8.036759	7.433358	0.295205	21.273506	86.122036	8	33.38542
1054166.825	21.491332	8.038586	7.428543	0.316086	21.216481	86.12237	8	33.363164
1054168.099	21.519468	8.037639	7.412738	0.307182	21.262767	86.126034	8	33.346763
1054168.832	21.479486	8.029341	7.40159	0.313068	21.251288	86.127642	8	33.349137
1054170.499	21.509473	8.04147	7.391467	0.311727	21.085289	86.122612	8	33.324879
1054171.658	21.606462	8.029048	7.392827	0.306623	21.195509	86.122259	8	33.325988
1054172.665	21.57704	8.024882	7.392696	0.297496	21.22712	86.126908	8	33.320458
1054173.697	21.455614	8.028537	7.397027	0.311746	21.253041	86.123402	8	33.308569
1054174.276	21.585924	8.009602	7.392575	0.317203	21.144776	86.12025	8	33.32425
1054175.953	21.441545	7.991463	7.387146	0.328454	21.218603	86.122566	8	33.341366
1054176.464	21.419509	7.998404	7.395192	0.309958	21.147504	86.129074	8	33.335179
1053847.051	21.377974	10.01669	8.660431	0.331154	21.267003	86.126471	10	38.16069
1053847.603	21.403891	10.012684	8.664455	0.330614	21.366369	86.125188	10	38.16179
1053849.382	21.427024	10.021451	8.647337	0.342684	21.232936	86.122965	10	38.143463
1053849.712	21.360929	10.022114	8.643816	0.337748	21.260472	86.121887	10	38.140417
1053851.801	21.454421	10.030445	8.684431	0.351495	21.359704	86.126034	10	38.11525
1053852.871	21.547713	10.004009	8.697442	0.349464	21.334291	86.124193	10	38.136755
1053854.689	21.392962	10.033706	8.683025	0.351997	21.297264	86.128572	10	38.092837
1053854.973	21.521799	10.035877	8.680687	0.354102	21.252461	86.128879	10	38.0873
1053856.128	21.437761	10.031887	8.665265	0.343485	21.344052	86.12542	10	38.081883
1053858.22	21.50791	10.036103	8.662853	0.356431	21.395012	86.120492	10	38.058446
1053859.633	21.415355	10.016799	8.659742	0.346745	21.309719	86.122993	10	38.066202
1053860.701	21.535497	10.011619	8.662583	0.351383	21.335772	86.12357	10	38.064942
1053861.243	21.536607	9.999876	8.669661	0.33393	21.26505	86.123663	10	38.076245
1053863.066	21.387779	9.962862	8.66885	0.338791	21.319481	86.123728	10	38.124767
1053863.439	21.386847	9.963222	8.659621	0.343969	21.366268	86.124472	10	38.129
1053865.472	21.443684	9.95987	8.644208	0.34572	21.260371	86.125811	10	38.155074
1053867.773	21.425722	9.989164	8.631411	0.333129	21.279626	86.126759	10	38.149123
1053868.022	21.433867	9.977798	8.622256	0.344826	21.380707	86.124555	10	38.162075
1053869.651	21.465885	9.984965	8.651658	0.352575	21.224958	86.125504	10	38.170715
1053871.496	21.384996	9.977421	8.694378	0.350787	21.306791	86.127949	10	38.1915
1053872.036	21.422568	9.968578	8.69665	0.352519	21.278145	86.125336	10	38.204148
1053873.486	21.360368	9.990824	8.699752	0.349595	21.214085	86.123328	10	38.191485
1053874.553	21.582689	9.995032	8.699575	0.35956	21.342201	86.12714	10	38.189006
1053874.914	21.503468	9.998627	8.695635	0.351997	21.341966	86.125188	10	38.185685
1053877.664	21.54807	9.957221	8.739854	0.353767	21.218663	86.128628	10	38.239658
1053878.753	21.494761	9.960071	8.757065	0.343187	21.213849	86.124156	10	38.252537
1053879.033	21.401465	9.965452	8.754197	0.343951	21.300496	86.123709	10	38.250655
1053881.066	21.418125	9.969827	8.730029	0.347248	21.238053	86.128312	10	38.270125
1053881.773	21.480515	9.987262	8.726658	0.346503	21.268046	86.120548	10	38.258853
1053884.375	21.546589	10.013514	8.714653	0.342498	21.313355	86.12754	10	38.219121
1053886.269	21.470876	10.049749	8.716962	0.331639	21.292485	86.122482	10	38.166569
1053886.527	21.382404	10.059438	8.726825	0.331955	21.271749	86.127029	10	38.152426
1053888.661	21.535484	10.093796	8.724897	0.31847	21.20301	86.126294	10	38.083076
1053888.92	21.420717	10.155017	8.709558	0.327392	21.248791	86.126015	10	38.010698
1053890.887	21.466255	10.287325	8.632054	0.304705	21.172039	86.120873	10	37.694342
1053891.614	21.301126	10.24358	8.648734	0.314949	21.220919	86.127419	10	37.672095
1053892.767	21.427381	10.19204	8.693642	0.303606	21.255962	86.114922	10	37.642185
1053894.057	21.291869	10.155973	8.741605	0.316738	21.185605	86.124332	10	37.605396
1053895.461	21.474029	10.12656	8.792297	0.321487	21.198095	86.123793	10	37.570249
1053897.12	21.355363	10.091222	8.824512	0.321022	21.239939	86.122342	10	37.544837
1053898.768	21.419606	10.050947	8.820367	0.315993	21.256837	86.124165	10	37.547703
1053899.09	21.571022	10.037788	8.812619	0.320966	21.388416	86.126294	10	37.555928
1053900.843	21.405908	10.033236	8.782481	0.325846	21.366201	86.127912	10	37.539819
1053902.42	21.286315	10.038726	8.774481	0.302935	21.282892	86.121543	10	37.516944
1053903.803	21.372765	10.032792	8.764134	0.302321	21.287705	86.124686	10	37.509782
1053904.076	21.520676	10.025743	8.757158	0.306419	21.173655	86.124779	10	37.513941
1053905.791	21.462553	10.009214	8.728837	0.303718	21.236741	86.121189	10	37.529979
1053907.567	21.468106	10.014771	8.6656	0.304295	21.261045	86.119748	10	37.520328
1053908.128	21.526969	10.002651	8.647737	0.306866	21.222165	86.125746	10	37.531162
1053910.02	21.596564	9.980129	8.65381	0.305282	21.217486	86.121636	10	37.552314
1053910.478	21.471438	9.972635	8.663123	0.300235	21.217486	86.124462	10	37.564141
1053911.38	21.471068	9.967899	8.675975	0.31236	21.238222	86.122965	10	37.576239
1053912.958	21.592122	9.966818	8.698746	0.313441	21.268956	86.119348	10	37.588658
1053914.561	21.647648	9.963717	8.701046	0.312696	21.37152	86.124918	10	37.60525
1053916.696	21.480693	9.971747	8.696604	0.301147	21.317227	86.124193	10	37.608971
1053917.381	21.406278	9.994705	8.69787	0.299806	21.322781	86.120771	10	37.588551
1053918.519	21.51068	10.004294	8.686331	0.296062	21.239704	86.123021	10	37.578151
1053919.755	21.506059	9.997253	8.64865	0.28578	21.305513	86.122556	10	37.58424
1053921.783	21.646167	9.96318	8.603341	0.270469	21.289086	86.123328	10	37.635305
1053922.073	21.401656	9.962284	8.604719	0.266521	21.24812	86.126127	10	37.639731
1053924.149	21.577136	9.987421	8.577087	0.238115	21.193181	86.121366	10	37.634647
1053924.408	21.534003	9.991813	8.575718	0.245957	21.324767	86.119302	10	37.63108
1053926.203	21.402397	9.978586	8.612878	0.239363	21.260945	86.127652	10	37.654473
1053927.958	21.461085	9.975049	8.661363	0.248732	21.382157	86.121664	10	37.676206
1053928.238	21.519578	9.996063	8.672715	0.228206	21.291308	86.120827	10	37.656648
1053930.875	21.379812	9.981562	8.69517	0.23113	21.391648	86.122835	10	37.680493
1053931.182	21.539747	9.960054	8.69517	0.236383	21.19207	86.12145	10	37.704623
1053931.962	21.440339	9.952661	8.677577	0.222972	21.214794	86.124816	10	37.722906
1053933.864	21.469038	9.956391	8.687803	0.205184	21.228494	86.125262	10	37.745622
1053935.764	21.416287	9.970121	8.699109	0.204588	21.358225	86.122835	10	37.753995
1053936.04	21.3613	9.966072	8.704548	0.209915	21.28811	86.127057	10	37.760982
1053937.868	21.445165	9.957414	8.721424	0.214422	21.192205	86.123123	10	37.797023
1053938.162	21.568992	9.971269	8.72446	0.218707	21.421167	86.122212	10	37.786727
1053940.115	21.406099	9.932695	8.72297	0.210511	21.392288	86.128172	10	37.862171
1053940.397	21.349273	9.939208	8.721703	0.212429	21.392288	86.128172	10	37.861793
1053942.812	21.521429	9.953709	8.725596	0.211331	21.304032	86.117107	10	37.88897
1053943.086	21.555295	9.965242	8.728362	0.213081	21.304032	86.117107	10	37.880908
1053945.248	21.533454	10.000639	8.757233	0.23398	21.282691	86.122119	10	37.857312
1053945.528	21.342608	9.998451	8.755836	0.229584	21.279359	86.123663	10	37.859362
1053948.997	21.478855	9.960632	8.79971	0.233477	21.300835	86.119962	10	37.912844
1053949.584	21.388328	9.961211	8.794393	0.235135	21.257647	86.123635	10	37.919705
1053951.262	21.509391	9.963105	8.783068	0.24456	21.239874	86.1192	10	37.937698
1053951.523	21.381114	9.966122	8.780656	0.245529	21.34355	86.122593	10	37.940091
1053952.269	21.424432	9.962493	8.783748	0.253538	21.253945	86.128451	10	37.950795
1053953.731	21.462744	9.956584	8.790546	0.236588	21.26714	86.126964	10	37.980762
1053955.951	21.395924	10.000111	8.796516	0.234241	21.396126	86.123281	10	37.94597
1053956.741	21.464417	10.029188	8.805541	0.259517	21.212472	86.12291	10	37.912706
1053958.536	21.390741	10.03451	8.807738	0.268458	21.313424	86.125727	10	37.893331
1053959.057	21.385749	10.032323	8.806258	0.266632	21.326383	86.120501	10	37.888419
1053960.821	21.402589	10.016481	8.816921	0.275368	21.290837	86.122166	10	37.89351
1053961.352	21.414985	10.020563	8.817247	0.283024	21.354893	86.123886	10	37.886678
1053963.18	21.442025	10.027067	8.79849	0.264006	21.290837	86.122854	10	37.864357
1053964.536	21.596386	10.034142	8.779547	0.266446	21.249131	86.122733	10	37.838477
1053964.958	21.56104	10.027361	8.773438	0.274474	21.31504	86.12582	10	37.841418
1053967.274	21.38686	10.006029	8.738597	0.276262	21.399828	86.123951	10	37.839751
1053967.614	21.411474	10.015601	8.733317	0.271233	21.400939	86.124732	10	37.829228
1053970.248	21.387038	10.009759	8.748385	0.27602	21.319483	86.118325	10	37.822097
1053973.177	21.477936	9.99903	8.752325	0.259331	21.384143	86.126666	10	37.842655
1053973.962	21.349465	9.978159	8.743962	0.258046	21.225432	86.11985	10	37.866439
1053974.419	21.461098	9.96147	8.739519	0.258362	21.310227	86.120185	10	37.887534
1053610.553	21.474004	3.137084	3.817926	0.35874	21.313324	86.137796	3	17.162974
1053611.865	21.441425	3.116942	3.777917	0.362149	21.353918	86.133091	3	17.12576
1053612.168	21.43402	3.117596	3.778587	0.362149	21.331332	86.130246	3	17.113066
1053614.067	21.474374	3.097438	3.735663	0.362968	21.346883	86.132822	3	17.064469
1053614.348	21.439024	3.104772	3.736017	0.367234	21.290973	86.133361	3	17.047543
1053615.487	21.478447	3.08598	3.714801	0.352817	21.409825	86.131892	3	17.031033
1053618.237	21.482149	3.086742	3.662237	0.362466	21.329245	86.136271	3	16.946674
1053618.499	21.547305	3.08779	3.66003	0.367234	21.426115	86.127745	3	16.937989
1053620.314	21.44828	3.086525	3.63115	0.369506	21.31504	86.128544	3	16.885312
1053621.877	21.398657	3.085175	3.616314	0.359243	21.284443	86.127001	3	16.840467
1053622.143	21.531386	3.086566	3.619964	0.363415	21.281716	86.128712	3	16.83141
1053624.837	21.504732	3.074807	3.586381	0.346261	21.293935	86.132645	3	16.760123
1053625.257	21.503991	3.082057	3.579592	0.345404	21.234689	86.129335	3	16.741774
1053626.385	21.552666	3.063759	3.574032	0.355704	21.262461	86.136011	3	16.732389
1053627.824	21.43402	3.076198	3.547293	0.342796	21.375627	86.126852	3	16.68917
1053628.315	21.532127	3.059912	3.542814	0.35345	21.281716	86.126778	3	16.691914
1053629.662	21.491953	3.044699	3.513253	0.349148	21.332443	86.124509	3	16.683958
1053631.358	21.405512	3.033341	3.51533	0.359225	21.332307	86.130692	3	16.672426
1053631.81	21.410695	3.02744	3.514958	0.361497	21.409319	86.134254	3	16.673651
1053633.322	21.424024	3.01413	3.496937	0.354885	21.36452	86.135909	3	16.676563
1053634.917	21.488621	3.028547	3.490706	0.347229	21.228259	86.133686	3	16.654146
1053635.8	21.463268	3.014507	3.495586	0.344379	21.380676	86.133017	3	16.663325
1053636.274	21.50306	3.014004	3.486571	0.343299	21.348464	86.125429	3	16.661608
1053637.948	21.508063	2.998959	3.482501	0.338791	21.362904	86.131724	3	16.670369
1053639.829	21.457893	2.993209	3.451879	0.316775	21.248996	86.133184	3	16.674469
1053640.097	21.436791	2.994315	3.451721	0.325175	21.248996	86.133184	3	16.673883
1053642.61	21.534156	2.972749	3.463409	0.312435	21.42682	86.132022	3	16.721735
1053642.926	21.469	2.977149	3.465365	0.296062	21.329581	86.133584	3	16.719692
1053644.346	21.385137	2.977325	3.472434	0.293473	21.27478	86.136141	3	16.733535
1053646.251	21.481038	2.957745	3.471186	0.283564	21.367582	86.127986	3	16.771605
1053646.529	21.394214	2.952221	3.485351	0.291536	21.367582	86.127986	3	16.781317
1053649.038	21.478255	2.937369	3.471465	0.246013	21.327964	86.129158	3	16.84979
1053650.539	21.474183	2.949455	3.473328	0.249366	21.260204	86.126517	3	16.865218
1053650.871	21.514906	2.948433	3.456834	0.242288	21.400904	86.128591	3	16.871821
1053652.705	21.385507	2.944082	3.450426	0.232546	21.391143	86.133314	3	16.906434
1053653.828	21.40458	2.941635	3.452131	0.231577	21.353377	86.126592	3	16.925832
1053654.165	21.57969	2.923555	3.459702	0.221184	21.457179	86.125848	3	16.95124
1053657.397	21.346069	2.949154	3.455064	0.234073	21.304873	86.131445	3	17.000373
1053658.612	21.401248	2.950411	3.462655	0.233123	21.379295	86.127773	3	17.022073
1053659.014	21.301829	2.95057	3.469025	0.226083	21.390772	86.131139	3	17.028423
1053659.924	21.384217	2.939866	3.487866	0.22802	21.403361	86.134309	3	17.052359
1053662.491	21.311456	2.918937	3.477854	0.213603	21.358056	86.127103	3	17.138778
1053662.787	21.369956	2.918878	3.492932	0.207829	21.375828	86.13192	3	17.146898
1053664.731	21.27831	2.927939	3.479884	0.210436	21.272894	86.129539	3	17.189448
1053665.042	21.320521	2.935751	3.46312	0.222655	21.374347	86.129539	3	17.188891
1053666.365	21.334412	2.934829	3.469798	0.226325	21.332508	86.132068	3	17.216973
1053668.34	21.404938	2.932339	3.47723	0.241636	21.268316	86.130441	3	17.259127
1053668.93	21.302378	2.930847	3.478143	0.246851	21.290668	86.130702	3	17.27488
1053670.793	21.322193	2.916791	3.474063	0.259517	21.323116	86.127996	3	17.337611
1053671.535	21.351444	2.923144	3.475572	0.249422	21.262391	86.132189	3	17.351783
1053674.406	21.276638	2.959623	3.485733	0.271233	21.351492	86.12675	3	17.373991
1053674.678	21.33311	2.971475	3.477146	0.274325	21.351492	86.12675	3	17.365309
1053676.128	21.448064	2.981851	3.503232	0.274642	21.334224	86.134086	3	17.364635
1053677.431	21.446404	3.011666	3.505104	0.292374	21.345332	86.125587	3	17.337743
1053678.077	21.420118	3.005312	3.51723	0.311653	21.46714	86.123765	3	17.342493
1053680.758	21.352734	3.028363	3.53798	0.32674	21.424295	86.132199	3	17.304164
1053681.208	21.42437	3.043215	3.544406	0.328621	21.369769	86.133584	3	17.28407
1053684.185	21.444923	3.043266	3.580113	0.344286	21.25411	86.127745	3	17.239629
1053684.469	21.422148	3.041774	3.576853	0.349762	21.372596	86.126926	3	17.237139
1053686.939	21.462873	3.06857	3.573715	0.356319	21.351862	86.124751	3	17.164029
1053687.221	21.641675	3.067355	3.572961	0.354121	21.44146	86.125457	3	17.158896
1053688.506	21.518035	3.069803	3.555983	0.360528	21.292485	86.125485	3	17.125786
1053689.888	21.558386	3.043433	3.557687	0.355555	21.322847	86.128172	3	17.125767
1053691.827	21.386605	3.072451	3.555917	0.350358	21.374312	86.124193	3	17.057606
1053692.099	21.546731	3.071378	3.553319	0.348049	21.422444	86.127503	3	17.052237
1053694.733	21.536365	2.999093	3.551447	0.35753	21.346779	86.123523	3	17.098846
1053695.279	21.520638	2.971726	3.533342	0.353432	21.329511	86.122631	3	17.129003
1053697.496	21.522119	2.954183	3.503288	0.356766	21.358257	86.124816	3	17.16828
1053697.937	21.558577	2.929288	3.499572	0.343727	21.331969	86.128349	3	17.201476
1053701.311	21.378663	2.955909	3.413034	0.327764	21.351592	86.127652	3	17.239926
1053702.671	21.409764	2.97067	3.387255	0.334079	21.326415	86.124388	3	17.244682
1053702.945	21.461596	2.956546	3.395488	0.33555	21.353444	86.126973	3	17.261959
1053704.091	21.452149	2.969739	3.377252	0.334079	21.324193	86.125485	3	17.262011
1053705.61	21.399576	2.957217	3.371311	0.335383	21.434897	86.126964	3	17.289725
1053706.272	21.548033	2.972212	3.365425	0.332775	21.341966	86.128758	3	17.282518
1053708.893	21.419199	2.974056	3.385709	0.329906	21.442772	86.128628	3	17.311543
1053709.144	21.450298	2.974291	3.393467	0.322232	21.442772	86.128628	3	17.313407
1053710.336	21.558398	2.971223	3.398673	0.331341	21.428468	86.127977	3	17.327158
1053712.032	21.436791	2.974106	3.379059	0.318507	21.404908	86.125234	3	17.340637
1053712.357	21.538969	2.963813	3.390906	0.323965	21.324799	86.126248	3	17.354067
1053714.83	21.377182	2.971483	3.381341	0.310162	21.397739	86.129019	3	17.377515
1053715.491	21.4516	2.957577	3.383995	0.314167	21.411437	86.128712	3	17.399437
1053717.675	21.528603	2.956588	3.389006	0.3148	21.403157	86.123077	3	17.422163
1053718.057	21.490843	2.962154	3.390421	0.316477	21.357617	86.124779	3	17.422425
1053719.963	21.431607	2.964618	3.405378	0.310796	21.419212	86.129437	3	17.444491
1053721.533	21.374961	2.965725	3.401122	0.315993	21.468688	86.13006	3	17.464266
1053721.823	21.384958	2.948785	3.391697	0.315788	21.407735	86.123412	3	17.476834
1053723.545	21.369777	2.959975	3.394398	0.311429	21.376635	86.132245	3	17.496196
1053724.422	21.509723	2.971366	3.385597	0.315452	21.424025	86.13085	3	17.493494
1053726.098	21.417168	2.972933	3.378463	0.308505	21.402417	86.125355	3	17.504821
1053727.348	21.620039	2.961643	3.390682	0.312752	21.421939	86.126034	3	17.528292
1053727.842	21.300909	2.974601	3.38759	0.30599	21.452163	86.123393	3	17.520887
1053730.015	21.487141	2.942498	3.427702	0.317743	21.375894	86.12621	3	17.589155
1053730.323	21.376812	2.954065	3.432266	0.307499	21.425136	86.129576	3	17.590709
1053732.792	21.428646	2.940537	3.445192	0.27114	21.380707	86.131566	3	17.640662
1053733.329	21.440314	2.951844	3.445779	0.262441	21.420323	86.129428	3	17.638645
1053735.787	21.378663	2.933672	3.451321	0.250968	21.405514	86.124927	3	17.715005
1053736.81	21.409572	2.938458	3.44305	0.258772	21.366133	86.131985	3	17.731326
1053737.816	21.702583	2.952548	3.419488	0.253743	21.379226	86.127373	3	17.732065
1053738.371	21.420679	2.951283	3.414002	0.251303	21.366133	86.127029	3	17.74226
1053358.563	21.441311	5.117099	5.618452	0.266726	21.26051	86.139786	5	22.71385
1053359.108	21.436868	5.105675	5.605451	0.26382	21.281616	86.134142	5	22.704386
1053360.527	21.519056	5.100771	5.546731	0.246292	21.265324	86.142845	5	22.660808
1053362.277	21.5272	5.038821	5.500146	0.238954	21.215705	86.137341	5	22.677719
1053362.551	21.40799	5.02862	5.476807	0.223792	21.395521	86.14451	5	22.684925
1053364.106	21.4228	5.006542	5.448151	0.226716	21.380846	86.138187	5	22.698892
1053366.567	21.395032	4.942404	5.44246	0.221091	21.292354	86.143161	5	22.795729
1053366.834	21.431315	4.952345	5.446502	0.208276	21.292354	86.143161	5	22.790458
1053368.503	21.604019	4.958237	5.41412	0.214851	21.308646	86.135788	5	22.811229
1053370.103	21.570143	4.976526	5.370311	0.217012	21.284208	86.140548	5	22.802557
1053370.557	21.504808	4.990633	5.350073	0.22178	21.336045	86.139749	5	22.791034
1053373.21	21.45631	4.973459	5.341887	0.210679	21.406763	86.137796	5	22.83259
1053373.49	21.515174	4.975428	5.349645	0.218222	21.278148	86.133909	5	22.833244
1053374.641	21.588282	4.967717	5.357067	0.216863	21.259264	86.137917	5	22.854951
1053376.487	21.525349	4.965152	5.362227	0.216863	21.326419	86.135955	5	22.876666
1053376.772	21.498885	4.963333	5.350436	0.2131	21.321605	86.134663	5	22.882015
1053378.761	21.620127	4.962411	5.323158	0.217496	21.388991	86.134337	5	22.910055
1053380.93	21.551273	5.002183	5.30252	0.212448	21.347288	86.133361	5	22.883447
1053381.981	21.573485	4.99469	5.308294	0.212634	21.267545	86.13801	5	22.895246
1053382.278	21.501106	4.992854	5.31648	0.208648	21.25435	86.135909	5	22.897286
1053383.671	21.495003	4.976493	5.336802	0.216881	21.235565	86.135155	5	22.923456
1053387.293	21.560898	5.006919	5.373226	0.213789	21.327529	86.136132	5	22.916917
1053388.545	21.578107	5.005913	5.375005	0.227964	21.236441	86.127336	5	22.919024
1053389.604	21.50704	5.011378	5.370078	0.231037	21.26741	86.136634	5	22.912294
1053390.154	21.476683	4.985529	5.36924	0.237575	21.295551	86.131362	5	22.937692
1053392.136	21.505189	4.957877	5.369473	0.245883	21.202744	86.135481	5	22.984043
1053393.38	21.586811	4.94413	5.394767	0.250614	21.279394	86.133761	5	23.016762
1053393.664	21.595516	4.95698	5.40381	0.248788	21.279394	86.133761	5	23.008718
1053395.194	21.487239	4.989795	5.396481	0.246665	21.263842	86.135425	5	22.989475
1053396.872	21.515185	4.996484	5.405692	0.275145	21.303227	86.133937	5	22.983321
1053398.36	21.474462	5.022778	5.408681	0.295969	21.239909	86.133984	5	22.950558
1053399.412	21.560348	5.050949	5.399498	0.301259	21.26694	86.129902	5	22.908708
1053401.015	21.451698	5.056674	5.369929	0.31467	21.217456	86.141962	5	22.870564
1053401.289	21.682694	5.074058	5.374753	0.315341	21.114374	86.138289	5	22.847106
1053402.931	21.679173	5.077989	5.360876	0.33	21.122521	86.130106	5	22.803184
1053405.334	21.467068	5.069725	5.42755	0.351159	21.262027	86.127726	5	22.748378
1053405.74	21.586082	5.053682	5.441492	0.359243	21.123532	86.137517	5	22.755778
1053408.351	21.534816	5.082591	5.414325	0.339723	21.156627	86.139126	5	22.669657
1053408.794	21.439122	5.076531	5.40382	0.348198	21.265495	86.132292	5	22.664375
1053411.582	21.626071	5.0424	5.379019	0.376361	21.153294	86.137341	5	22.634449
1053412.025	21.512054	5.037991	5.374781	0.361255	21.143431	86.134616	5	22.632327
1053413.342	21.580169	5.021009	5.362003	0.364365	21.1201	86.135565	5	22.637787
1053415.554	21.558699	5.005612	5.350325	0.342051	21.203421	86.139423	5	22.644858
1053416.297	21.45245	4.987909	5.351768	0.347136	21.203927	86.131687	5	22.66273
1053418.977	21.517798	4.98443	5.31377	0.319885	21.173697	86.129688	5	22.673469
1053420.091	21.460045	5.000172	5.287311	0.32037	21.255163	86.132468	5	22.660944
1053420.811	21.584432	4.973014	5.27553	0.314968	21.191472	86.129242	5	22.69241
1053422.878	21.462636	4.861979	5.268471	0.329795	21.202952	86.135286	5	22.850738
1053423.774	21.45301	4.843665	5.265528	0.338326	21.240117	86.132915	5	22.914318
1053426.008	21.460415	4.903386	5.228768	0.307927	21.198039	86.137201	5	22.93958
1053426.26	21.454121	4.918825	5.227753	0.309213	21.165587	86.134616	5	22.931635
1053427.777	21.534647	4.961808	5.225835	0.305599	21.304311	86.129232	5	22.915262
1053429.838	21.481708	4.967994	5.232559	0.315005	21.252608	86.137787	5	22.940095
1053430.094	21.595908	4.971045	5.233816	0.302246	21.249646	86.138242	5	22.939642
1053431.857	21.441163	4.87933	5.230324	0.296714	21.183733	86.130525	5	23.061536
1053433.901	21.45098	4.723569	5.255786	0.311597	21.215715	86.133714	5	23.382362
1053435.412	21.465598	4.745228	5.187175	0.29256	21.194003	86.13125	5	23.49293
1053435.691	21.527423	4.751489	5.174956	0.281459	21.194003	86.13125	5	23.509969
1053436.416	21.524652	4.746091	5.146253	0.283042	21.165489	86.132273	5	23.576023
1053438.168	21.646811	4.77008	5.097917	0.282111	21.254361	86.132515	5	23.691582
1053439.64	21.522801	4.802107	5.083054	0.271475	21.319295	86.136188	5	23.767522
1053441.938	21.666059	4.797246	5.095645	0.257617	21.209185	86.133268	5	23.927586
1053443.397	21.588145	4.867277	5.117978	0.249664	21.28449	86.136811	5	23.935601
1053444.066	21.568335	4.89	5.128428	0.258269	21.235242	86.141041	5	23.939532
1053445.685	21.497257	4.902145	5.122402	0.24985	21.225614	86.133538	5	23.983458
1053445.93	21.713808	4.915791	5.118462	0.246125	21.225614	86.133538	5	23.977808
1053448.386	21.660698	4.908574	5.087114	0.240686	21.262643	86.137796	5	24.056763
1053448.816	21.652924	4.910192	5.085168	0.234241	21.324849	86.138456	5	24.068121
1053450.52	21.729724	4.899187	5.084199	0.224295	21.270789	86.137303	5	24.132216
1053451.006	21.510214	4.899706	5.094257	0.235321	21.254497	86.137638	5	24.147899
1053452.477	21.606833	4.888374	5.119357	0.232695	21.324985	86.139554	5	24.208583
1053454.046	21.74749	4.88648	5.142928	0.234111	21.318184	86.140679	5	24.267986
1053454.304	21.686978	4.884552	5.143245	0.226716	21.318184	86.140679	5	24.279642
1053455.735	21.626643	4.893529	5.160558	0.230311	21.425556	86.133993	5	24.325632
1053457.774	21.611657	4.885071	5.163045	0.219359	21.31226	86.131111	5	24.407656
1053460.093	21.503932	4.900343	5.157913	0.21839	21.387422	86.138633	5	24.471921
1053461.321	21.513557	4.902648	5.1665	0.215875	21.334476	86.137619	5	24.510483
1053462.468	21.684029	4.912321	5.162756	0.214255	21.328416	86.142994	5	24.535715
1053463.551	21.649425	4.918314	5.172647	0.206227	21.336191	86.134616	5	24.560782
1053464.343	21.63961	4.917006	5.172153	0.215726	21.30583	86.135062	5	24.58476
1053464.701	21.572979	4.91409	5.170803	0.223196	21.351742	86.136885	5	24.597665
1053466.462	21.643312	4.913872	5.167226	0.217663	21.359888	86.138317	5	24.648324
1053468.22	21.609817	4.952814	5.173867	0.215223	21.396912	86.140818	5	24.645648
1053469.915	21.711431	4.95579	5.173234	0.217161	21.26052	86.135788	5	24.665638
1053470.459	21.603524	4.932924	5.195716	0.207829	21.281762	86.133184	5	24.69769
1053471.438	21.642762	4.901257	5.21125	0.218856	21.319764	86.136457	5	24.757314
1053473.167	21.510428	4.918691	5.215031	0.202949	21.321615	86.132775	5	24.79554
1053473.475	21.548558	4.930728	5.214752	0.225244	21.366182	86.133593	5	24.791215
1053476.193	21.597422	4.934575	5.224456	0.215559	21.416399	86.137517	5	24.846062
1053476.698	21.638702	4.941255	5.230407	0.208481	21.371094	86.136578	5	24.849974
1053478.862	21.547638	4.94092	5.241611	0.210641	21.390347	86.13377	5	24.887026
1053479.163	21.635	4.956267	5.242664	0.213584	21.377524	86.132868	5	24.876469
1053481.123	21.745674	4.962042	5.241611	0.22558	21.32296	86.137173	5	24.895545
1053481.514	21.728648	4.964121	5.242151	0.216378	21.489802	86.140056	5	24.899169
1053484.954	21.498593	4.969569	5.239423	0.214255	21.490172	86.134932	5	24.926247
1053485.883	21.572262	4.987959	5.244387	0.217552	21.41266	86.143738	5	24.91489
1053487.391	21.625567	4.971338	5.260834	0.218483	21.408217	86.136364	5	24.940598
1053487.747	21.555603	4.968035	5.265183	0.214907	21.523355	86.132329	5	24.947535
1053489.856	21.570972	4.965043	5.263637	0.216378	21.355272	86.136718	5	24.974487
1053490.204	21.675359	4.955513	5.264037	0.218818	21.355272	86.136718	5	24.988466
1050470.941	20.779431	13.147465	11.623369	0.308896	21.33397	86.151641	13	44.133914
1050472.274	20.869814	13.103838	11.566446	0.273152	21.312865	86.158708	13	44.116608
1050472.532	20.875741	13.092304	11.539187	0.288053	21.330029	86.155007	13	44.119849
1050473.838	20.877593	13.05648	11.491438	0.269985	21.222886	86.159424	13	44.129933
1050475.648	20.787379	13.050059	11.404415	0.25907	21.320773	86.155816	13	44.099288
1050478.024	20.688098	12.987899	11.299473	0.230031	21.305962	86.159006	13	44.156861
1050478.307	20.728478	12.992794	11.297443	0.228411	21.280413	86.156095	13	44.153068
1050480.426	20.782732	12.958437	11.247245	0.217384	21.295224	86.155974	13	44.207919
1050480.712	20.798829	12.956727	11.243464	0.21215	21.295224	86.155974	13	44.213674
1050481.881	20.677152	12.945403	11.217005	0.206693	21.219818	86.159034	13	44.246577
1050483.539	20.690119	12.948035	11.166862	0.217719	21.287211	86.154794	13	44.277404
1050485.086	20.783102	12.95562	11.157391	0.222488	21.259572	86.155268	13	44.286401
1050485.39	20.832908	12.947993	11.152939	0.223978	21.259572	86.155268	13	44.298606
1050487.188	20.80846	12.916779	11.167999	0.239214	21.318684	86.15723	13	44.374637
1050488.656	20.793643	12.959166	11.177247	0.255755	21.261661	86.157034	13	44.367481
1050489.231	20.79196	12.997513	11.173819	0.264453	21.32831	86.156728	13	44.33399
1050490.652	20.752693	13.050537	11.161628	0.278926	21.33807	86.151083	13	44.268761
1050492.458	20.784382	13.076404	11.182313	0.30288	21.442108	86.152934	13	44.208756
1050493.026	20.70935	13.096638	11.176706	0.303029	21.387921	86.153659	13	44.171988
1050494.645	20.80176	13.105229	11.188851	0.311764	21.288824	86.15378	13	44.105108
1050494.926	20.824726	13.110853	11.179174	0.315974	21.343729	86.154431	13	44.089502
1050496.682	20.776369	13.133996	11.19754	0.338158	21.359412	86.145579	13	43.993694
1050498.794	20.812132	13.150701	11.180944	0.360845	21.363988	86.150191	13	43.864313
1050499.478	20.79415	13.127198	11.211603	0.363937	21.339551	86.154738	13	43.856931
1050502.146	20.82951	13.081994	11.207338	0.364663	21.375095	86.152441	13	43.807437
1050503.688	20.865239	13.047084	11.203417	0.364198	21.389297	86.158913	13	43.805472
1050504.356	20.858402	13.04617	11.188963	0.372189	21.267851	86.15365	13	43.794264
1050506.833	20.680389	13.041216	11.173456	0.323257	21.371525	86.156281	13	43.77063
1050507.832	20.797451	12.996952	11.164702	0.33948	21.345978	86.152804	13	43.804896
1050508.906	20.808935	12.960147	11.161917	0.337562	21.357456	86.157072	13	43.849434
1050509.783	20.786709	12.985091	11.140571	0.324896	21.414844	86.157704	13	43.831587
1050511.999	20.827996	12.982979	11.097656	0.292449	21.411749	86.154821	13	43.855525
1050512.291	20.829679	12.991813	11.104818	0.296658	21.312892	86.158913	13	43.848075
1050514.517	20.866149	12.933467	11.056864	0.260858	21.301546	86.15153	13	43.922323
1050515.081	20.846517	12.933308	11.052133	0.259741	21.357456	86.152813	13	43.935163
1050516.491	20.961711	12.95816	11.037315	0.258921	21.307841	86.152757	13	43.938019
1050516.904	20.901877	12.950843	11.041041	0.262274	21.355234	86.155054	13	43.951847
1050518.13	20.85891	12.979215	11.015178	0.239736	21.462603	86.158708	13	43.935567
1050519.984	20.836515	12.906561	10.992509	0.199857	21.500365	86.158829	13	44.041884
1050520.548	20.927063	12.919603	10.987536	0.202036	21.333522	86.148954	13	44.046049
1050522.34	20.883356	12.927625	10.977636	0.215223	21.343148	86.153343	13	44.085433
1050522.612	20.880764	12.927734	10.980812	0.218483	21.371896	86.155277	13	44.091918
1050524.867	20.986324	12.914566	10.975382	0.207549	21.340557	86.154412	13	44.169433
1050525.426	20.828705	12.908673	10.977888	0.216732	21.39411	86.153111	13	44.193201
1050527.024	20.857428	12.957959	10.991392	0.229249	21.347962	86.149754	13	44.172609
1050528.432	20.794424	12.90429	10.99155	0.244746	21.357456	86.157639	13	44.26138
1050530.158	20.853893	12.948119	11.004123	0.27114	21.36412	86.156021	13	44.265664
1050530.599	20.863693	12.965327	11.008454	0.277194	21.36412	86.156021	13	44.254836
1050531.496	20.866857	12.984345	11.03345	0.283676	21.395961	86.160717	13	44.246484
1050533.058	20.902787	13.048115	11.0363	0.305804	21.335003	86.154152	13	44.168718
1050534.815	20.975753	13.097953	11.057507	0.322754	21.350791	86.156932	13	44.077342
1050535.291	20.879081	13.131389	11.073404	0.316309	21.333389	86.154412	13	44.025638
1050537.379	20.962049	13.155763	11.123202	0.359225	21.272797	86.155742	13	43.898537
1050537.662	20.894267	13.14014	11.142359	0.354121	21.341297	86.154728	13	43.899866
1050539.636	20.932789	13.075574	11.190136	0.353301	21.338335	86.152711	13	43.88263
1050540.689	20.968515	12.945688	11.255534	0.361646	21.277611	86.150191	13	44.009737
1050542.167	20.881504	12.865616	11.276628	0.34572	21.409052	86.147002	13	44.138498
1050542.486	20.919994	12.859924	11.283455	0.35129	21.280573	86.1494	13	44.158789
1050544.581	21.015922	12.925881	11.17246	0.331154	21.309825	86.157602	13	44.171285
1050545.5	20.794255	12.926594	11.136566	0.339276	21.321911	86.151948	13	44.195718
1050546.889	20.952789	12.924415	11.080156	0.318526	21.400537	86.150544	13	44.229872
1050547.695	20.866117	12.883913	11.062573	0.324374	21.306492	86.15325	13	44.297588
1050549.729	20.995552	12.924607	11.005371	0.317743	21.267746	86.152887	13	44.326559
1050550.931	20.925381	12.96396	10.994335	0.300551	21.343281	86.153203	13	44.312585
1050551.211	20.846114	12.957473	10.986558	0.298763	21.295147	86.15365	13	44.322836
1050554.472	20.985383	12.899286	10.966386	0.260877	21.362534	86.15046	13	44.463811
1050555.043	20.960938	12.938169	10.960221	0.263317	21.329211	86.154282	13	44.441024
1050556.458	20.978346	12.945688	10.957576	0.261641	21.317363	86.149707	13	44.462114
1050557.991	21.018684	12.94065	10.94978	0.260858	21.406964	86.149391	13	44.494707
1050558.98	20.870731	12.915136	10.938698	0.245938	21.332173	86.152618	13	44.543507
1050559.27	20.905009	12.904541	10.940849	0.247596	21.358832	86.147941	13	44.562751
1050561.253	20.89649	12.928849	10.932178	0.211107	21.360075	86.159982	13	44.598096
1050561.535	20.884637	12.930617	10.914912	0.225095	21.311068	86.15325	13	44.60289
1050563.334	20.849617	12.903275	10.919205	0.22029	21.277373	86.14821	13	44.671248
1050563.619	20.887971	12.896888	10.919531	0.215447	21.277373	86.14821	13	44.687131
1050565.253	20.854803	12.897651	10.931005	0.233384	21.442268	86.147885	13	44.752363
1050567.043	20.851639	12.93547	10.916672	0.247913	21.375493	86.152488	13	44.761109
1050567.317	20.949424	12.939762	10.918702	0.252011	21.324028	86.146648	13	44.76251
1050568.149	20.819042	12.929033	10.923545	0.245529	21.502614	86.147671	13	44.79014
1050569.945	20.965552	12.933065	10.935149	0.259666	21.364148	86.146248	13	44.829318
1050570.338	20.895717	12.949669	10.940802	0.254954	21.340452	86.151939	13	44.820337
1050572.121	20.815337	13.002006	10.970828	0.272034	21.276395	86.152757	13	44.787597
1050572.47	20.864434	13.016934	10.970987	0.280397	21.32059	86.151483	13	44.771529
1050575.763	20.997203	13.096705	11.02966	0.312714	21.49632	86.1457	13	44.61868
1050576.183	20.892754	13.109185	11.042512	0.314614	21.544209	86.149084	13	44.591838
1050577.134	20.88905	13.097953	11.076505	0.322586	21.25677	86.15418	13	44.568134
1050578.84	20.885145	13.097878	11.12337	0.34885	21.332201	86.152116	13	44.507776
1050580.629	21.012017	13.112136	11.165931	0.351904	21.357616	86.148777	13	44.425957
1050581.16	20.926259	13.111029	11.165642	0.354121	21.322442	86.155649	13	44.408106
1050581.873	20.969594	13.127734	11.17625	0.356375	21.345901	86.151725	13	44.362863
1050583.596	21.002928	13.045768	11.193498	0.365297	21.27592	86.147894	13	44.386904
1050585.091	21.051244	13.008032	11.186467	0.370885	21.320961	86.152488	13	44.414624
1050585.435	20.997002	13.022801	11.186709	0.364123	21.386126	86.153157	13	44.398073
1050588.026	20.952726	13.005677	11.124841	0.320593	21.382926	86.154682	13	44.3878
1050588.403	20.88959	12.992803	11.106671	0.321823	21.371819	86.151799	13	44.400644
1050590.481	20.906057	12.99675	11.045166	0.281738	21.417226	86.154236	13	44.405959
1050592.453	20.912555	12.893661	11.013548	0.253724	21.272455	86.149652	13	44.547017
1050594.51	20.950504	12.914968	10.956104	0.229994	21.386866	86.151307	13	44.582745
1050594.91	20.945318	12.891633	10.944202	0.229659	21.357749	86.150637	13	44.61934
1050596.868	20.926058	12.914231	10.891088	0.223028	21.313081	86.151149	13	44.663753
1050189.108	20.248789	23.433988	16.047207	0.283545	21.230747	86.153427	23.5	80.628578
1050190.798	20.238783	23.426076	16.036674	0.277473	21.306153	86.156151	23.5	80.685497
1050191.057	20.135008	23.433117	16.054052	0.276989	21.306153	86.156151	23.5	80.684407
1050192.956	20.268431	23.469578	16.07347	0.29189	21.243576	86.156095	23.5	80.679927
1050194.314	20.297338	23.455983	16.101559	0.305487	21.256906	86.157602	23.5	80.707705
1050195.395	20.327522	23.4618	16.086155	0.30735	21.238762	86.164148	23.5	80.717161
1050196.474	20.304917	23.487532	16.103571	0.313366	21.180995	86.15881	23.5	80.698555
1050197.44	20.248957	23.507565	16.104874	0.314353	21.266294	86.157034	23.5	80.679335
1050199.212	20.270081	23.488488	16.085931	0.317259	21.321836	86.155956	23.5	80.708094
1050200.138	20.325669	23.517439	16.089219	0.314689	21.248521	86.158606	23.5	80.677562
1050202.506	20.263207	23.517514	16.115016	0.319736	21.31541	86.156151	23.5	80.654629
1050202.791	20.323243	23.525527	16.108358	0.31385	21.253335	86.157183	23.5	80.644819
1050204.435	20.252292	23.548284	16.143645	0.347285	21.233948	86.158159	23.5	80.599006
1050205.819	20.241712	23.550765	16.170803	0.347248	21.290231	86.152655	23.5	80.57704
1050206.551	20.336213	23.537379	16.176484	0.361963	21.306153	86.152887	23.5	80.579724
1050206.937	20.224293	23.510431	16.17952	0.349259	21.347252	86.155537	23.5	80.603525
1050208.867	20.281199	23.54297	16.186449	0.349911	21.312447	86.156811	23.5	80.556722
1050209.441	20.352518	23.546197	16.190491	0.342405	21.310465	86.155761	23.5	80.544669
1050211.427	20.400692	23.572105	16.177015	0.346261	21.293193	86.153036	23.5	80.474874
1050211.826	20.286554	23.569314	16.196498	0.345664	21.246777	86.148991	23.5	80.467919
1050213.846	20.232076	23.568007	16.247488	0.356375	21.266032	86.155361	23.5	80.434201
1050214.115	20.342309	23.569784	16.247572	0.349967	21.325407	86.151325	23.5	80.42624
1050216.111	20.213509	23.491648	16.238631	0.353115	21.266032	86.157267	23.5	80.481209
1050216.589	20.248347	23.49355	16.227194	0.352128	21.311575	86.161609	23.5	80.481497
1050218.178	20.287463	23.499568	16.20705	0.349203	21.307873	86.163078	23.5	80.473607
1050219.817	20.35302	23.449185	16.181587	0.344696	21.14063	86.165449	23.5	80.532917
1050221.223	20.412311	23.468472	16.193434	0.349203	21.312447	86.159908	23.5	80.52752
1050221.496	20.261856	23.459394	16.193024	0.346391	21.251352	86.162948	23.5	80.540775
1050224.172	20.35895	23.497071	16.202067	0.343839	21.297505	86.166444	23.5	80.549496
1050226.201	20.356523	23.541444	16.20989	0.311857	21.347993	86.162902	23.5	80.489937
1050227.682	20.348	23.478773	16.211874	0.309306	21.296024	86.15895	23.5	80.548102
1050228.262	20.404326	23.456636	16.205969	0.315601	21.200251	86.163274	23.5	80.576312
1050228.727	20.451015	23.438012	16.18196	0.302134	21.27579	86.161247	23.5	80.603239
1050232.044	20.410793	23.459134	16.19688	0.315452	21.307634	86.155444	23.5	80.632972
1050233.135	20.383742	23.461925	16.173792	0.327504	21.269364	86.154273	23.5	80.646668
1050233.701	20.320004	23.468488	16.185173	0.32823	21.271108	86.155686	23.5	80.646416
1050236.422	20.383001	23.453317	16.171548	0.287922	21.382294	86.161786	23.5	80.707375
1050236.686	20.362417	23.470073	16.181429	0.288872	21.382294	86.161786	23.5	80.693746
1050238.009	20.398564	23.458447	16.16094	0.287587	21.285549	86.154914	23.5	80.723008
1050239.947	20.293321	23.417208	16.157941	0.26274	21.345771	86.15563	23.5	80.803681
1050241.802	20.49083	23.385985	16.184055	0.247224	21.280604	86.160335	23.5	80.901339
1050242.918	20.442995	23.393026	16.167403	0.239959	21.377852	86.154412	23.5	80.935943
1050243.19	20.356858	23.397292	16.147752	0.246125	21.306893	86.159043	23.5	80.941142
1050245.226	20.396306	23.418147	16.147427	0.235135	21.360211	86.152804	23.5	80.975981
1050245.768	20.349244	23.419387	16.1349	0.234967	21.300969	86.163655	23.5	80.988705
1050248.418	20.437437	23.37503	16.093093	0.21107	21.31615	86.157471	23.5	81.122538
1050248.952	20.331456	23.370328	16.08147	0.206711	21.243576	86.153966	23.5	81.150176
1050250.844	20.53007	23.377704	16.11944	0.217514	21.386128	86.156021	23.5	81.219054
1050251.277	20.426859	23.387963	16.123184	0.217663	21.340826	86.153036	23.5	81.225558
1050252.631	20.420762	23.353346	16.140106	0.217663	21.322445	86.15828	23.5	81.321964
1050254.333	20.433361	23.313297	16.139259	0.234688	21.310966	86.159461	23.5	81.452115
1050255.407	20.450203	23.328058	16.171725	0.225244	21.294543	86.156244	23.5	81.501996
1050255.839	20.510062	23.351427	16.192018	0.21839	21.349342	86.162028	23.5	81.50154
1050257.723	20.465025	23.364301	16.174137	0.215764	21.284677	86.148898	23.5	81.574138
1050257.993	20.336071	23.351485	16.172507	0.203601	21.197288	86.157099	23.5	81.601867
1050259.799	20.532461	23.310649	16.154756	0.229659	21.306153	86.161312	23.5	81.748884
1050262.553	20.442387	23.354042	16.167701	0.238302	21.299118	86.160577	23.5	81.86566
1050262.82	20.466675	23.349717	16.170346	0.228728	21.396865	86.160577	23.5	81.883255
1050265.328	20.447239	23.430929	16.215497	0.288425	21.203213	86.154626	23.5	81.877952
1050266.33	20.447036	23.451448	16.246789	0.306754	21.318001	86.151149	23.5	81.876718
1050267.592	20.407758	23.475806	16.268843	0.313217	21.344159	86.157518	23.5	81.865686
1050267.884	20.424062	23.486333	16.291623	0.319997	21.240852	86.1514	23.5	81.85729
1050269.757	20.417392	23.583639	16.272559	0.340449	21.263941	86.156346	23.5	81.731435
1050270.051	20.417225	23.588735	16.297751	0.337171	21.263941	86.156346	23.5	81.717975
1050271.182	20.565975	23.606454	16.279916	0.34844	21.269496	86.153427	23.5	81.66715
1050273.319	20.478161	23.702503	16.316545	0.362317	21.302689	86.157351	23.5	81.465542
1050275.481	20.466675	23.693844	16.325309	0.344361	21.283936	86.155305	23.5	81.333878
1050276.034	20.421301	23.696233	16.331689	0.352146	21.339106	86.15987	23.5	81.296342
1050278.683	20.530035	23.605834	16.349803	0.328379	21.287137	86.155537	23.5	81.256126
1050279.545	20.485943	23.586179	16.324983	0.312994	21.334532	86.162985	23.5	81.247312
1050281.278	20.492242	23.567495	16.357747	0.319625	21.255054	86.154849	23.5	81.218835
1050281.699	20.481294	23.569817	16.350362	0.322009	21.305651	86.154263	23.5	81.206676
1050282.878	20.518549	23.546591	16.34537	0.307164	21.389222	86.15258	23.5	81.205691
1050283.698	20.41756	23.530623	16.327684	0.307443	21.304911	86.155677	23.5	81.210712
1050286.301	20.381616	23.4978	16.325672	0.281087	21.322445	86.150191	23.5	81.23327
1050287.525	20.573923	23.469042	16.295116	0.294498	21.440553	86.150684	23.5	81.269463
1050287.819	20.339371	23.466359	16.295125	0.290884	21.267644	86.153027	23.5	81.275349
1050290.744	20.499247	23.459251	16.215134	0.240779	21.291473	86.148675	23.5	81.324661
1050291.03	20.417358	23.465647	16.236703	0.235787	21.353917	86.153929	23.5	81.321776
1050293.069	20.388622	23.464147	16.240475	0.238879	21.432408	86.156821	23.5	81.348149
1050293.609	20.482944	23.464214	16.196852	0.233719	21.250002	86.153659	23.5	81.3543
1050294.629	20.511845	23.417627	16.204507	0.211666	21.446978	86.157313	23.5	81.417093
1050297.092	20.402703	23.426671	16.189904	0.216937	21.315541	86.150423	23.5	81.474014
1050298.66	20.409003	23.444583	16.199432	0.219079	21.31578	86.163831	23.5	81.494249
1050299.256	20.430865	23.395138	16.214025	0.212448	21.2737	86.152785	23.5	81.5594
1050300.32	20.420287	23.416982	16.20786	0.207009	21.38872	86.15709	23.5	81.573897
1050302.15	20.565332	23.447173	16.179045	0.223959	21.518429	86.15935	23.5	81.57911
1050303.225	20.457139	23.435338	16.174705	0.211629	21.403291	86.158057	23.5	81.609934
1050304.487	20.473073	23.42098	16.184922	0.220923	21.295917	86.158699	23.5	81.650959
1050306.288	20.468088	23.42787	16.156973	0.202837	21.368118	86.155575	23.5	81.688734
1050307.179	20.549771	23.449042	16.147333	0.2009	21.397976	86.157313	23.5	81.688204
1050310.254	20.385252	23.37845	16.185965	0.223792	21.427726	86.155426	23.5	81.847432
1050311.498	20.494193	23.396236	16.18576	0.219731	21.340719	86.158597	23.5	81.874301
1050312.867	20.531413	23.437207	16.177583	0.223792	21.375893	86.152971	23.5	81.877398
1050313.321	20.390643	23.430443	16.183702	0.227703	21.363304	86.154542	23.5	81.894009
1050316.375	20.56348	23.440686	16.162849	0.214534	21.448089	86.157313	23.5	81.964025
1050317.008	20.458622	23.426721	16.177164	0.213566	21.408104	86.161498	23.5	81.991648
1050318.34	20.605514	23.406437	16.196032	0.21446	21.367747	86.15789	23.5	82.049767
1050320.184	20.473241	23.418239	16.204526	0.23154	21.274441	86.155928	23.5	82.090253
1050320.899	20.510832	23.425539	16.229923	0.22463	21.289992	86.156858	23.5	82.102454
1050189.108	20.248789	23.433988	16.047207	0.283545	21.230747	86.153427	23.5	80.628578
1050190.798	20.238783	23.426076	16.036674	0.277473	21.306153	86.156151	23.5	80.685497
1050191.057	20.135008	23.433117	16.054052	0.276989	21.306153	86.156151	23.5	80.684407
1050192.956	20.268431	23.469578	16.07347	0.29189	21.243576	86.156095	23.5	80.679927
1050194.314	20.297338	23.455983	16.101559	0.305487	21.256906	86.157602	23.5	80.707705
1050195.395	20.327522	23.4618	16.086155	0.30735	21.238762	86.164148	23.5	80.717161
1050196.474	20.304917	23.487532	16.103571	0.313366	21.180995	86.15881	23.5	80.698555
1050197.44	20.248957	23.507565	16.104874	0.314353	21.266294	86.157034	23.5	80.679335
1050199.212	20.270081	23.488488	16.085931	0.317259	21.321836	86.155956	23.5	80.708094
1050200.138	20.325669	23.517439	16.089219	0.314689	21.248521	86.158606	23.5	80.677562
1050202.506	20.263207	23.517514	16.115016	0.319736	21.31541	86.156151	23.5	80.654629
1050202.791	20.323243	23.525527	16.108358	0.31385	21.253335	86.157183	23.5	80.644819
1050204.435	20.252292	23.548284	16.143645	0.347285	21.233948	86.158159	23.5	80.599006
1050205.819	20.241712	23.550765	16.170803	0.347248	21.290231	86.152655	23.5	80.57704
1050206.551	20.336213	23.537379	16.176484	0.361963	21.306153	86.152887	23.5	80.579724
1050206.937	20.224293	23.510431	16.17952	0.349259	21.347252	86.155537	23.5	80.603525
1050208.867	20.281199	23.54297	16.186449	0.349911	21.312447	86.156811	23.5	80.556722
1050209.441	20.352518	23.546197	16.190491	0.342405	21.310465	86.155761	23.5	80.544669
1050211.427	20.400692	23.572105	16.177015	0.346261	21.293193	86.153036	23.5	80.474874
1050211.826	20.286554	23.569314	16.196498	0.345664	21.246777	86.148991	23.5	80.467919
1050213.846	20.232076	23.568007	16.247488	0.356375	21.266032	86.155361	23.5	80.434201
1050214.115	20.342309	23.569784	16.247572	0.349967	21.325407	86.151325	23.5	80.42624
1050216.111	20.213509	23.491648	16.238631	0.353115	21.266032	86.157267	23.5	80.481209
1050216.589	20.248347	23.49355	16.227194	0.352128	21.311575	86.161609	23.5	80.481497
1050218.178	20.287463	23.499568	16.20705	0.349203	21.307873	86.163078	23.5	80.473607
1050219.817	20.35302	23.449185	16.181587	0.344696	21.14063	86.165449	23.5	80.532917
1050221.223	20.412311	23.468472	16.193434	0.349203	21.312447	86.159908	23.5	80.52752
1050221.496	20.261856	23.459394	16.193024	0.346391	21.251352	86.162948	23.5	80.540775
1050224.172	20.35895	23.497071	16.202067	0.343839	21.297505	86.166444	23.5	80.549496
1050226.201	20.356523	23.541444	16.20989	0.311857	21.347993	86.162902	23.5	80.489937
1050227.682	20.348	23.478773	16.211874	0.309306	21.296024	86.15895	23.5	80.548102
1050228.262	20.404326	23.456636	16.205969	0.315601	21.200251	86.163274	23.5	80.576312
1050228.727	20.451015	23.438012	16.18196	0.302134	21.27579	86.161247	23.5	80.603239
1050232.044	20.410793	23.459134	16.19688	0.315452	21.307634	86.155444	23.5	80.632972
1050233.135	20.383742	23.461925	16.173792	0.327504	21.269364	86.154273	23.5	80.646668
1050233.701	20.320004	23.468488	16.185173	0.32823	21.271108	86.155686	23.5	80.646416
1050236.422	20.383001	23.453317	16.171548	0.287922	21.382294	86.161786	23.5	80.707375
1050236.686	20.362417	23.470073	16.181429	0.288872	21.382294	86.161786	23.5	80.693746
1050238.009	20.398564	23.458447	16.16094	0.287587	21.285549	86.154914	23.5	80.723008
1050239.947	20.293321	23.417208	16.157941	0.26274	21.345771	86.15563	23.5	80.803681
1050241.802	20.49083	23.385985	16.184055	0.247224	21.280604	86.160335	23.5	80.901339
1050242.918	20.442995	23.393026	16.167403	0.239959	21.377852	86.154412	23.5	80.935943
1050243.19	20.356858	23.397292	16.147752	0.246125	21.306893	86.159043	23.5	80.941142
1050245.226	20.396306	23.418147	16.147427	0.235135	21.360211	86.152804	23.5	80.975981
1050245.768	20.349244	23.419387	16.1349	0.234967	21.300969	86.163655	23.5	80.988705
1050248.418	20.437437	23.37503	16.093093	0.21107	21.31615	86.157471	23.5	81.122538
1050248.952	20.331456	23.370328	16.08147	0.206711	21.243576	86.153966	23.5	81.150176
1050250.844	20.53007	23.377704	16.11944	0.217514	21.386128	86.156021	23.5	81.219054
1050251.277	20.426859	23.387963	16.123184	0.217663	21.340826	86.153036	23.5	81.225558
1050252.631	20.420762	23.353346	16.140106	0.217663	21.322445	86.15828	23.5	81.321964
1050254.333	20.433361	23.313297	16.139259	0.234688	21.310966	86.159461	23.5	81.452115
1050255.407	20.450203	23.328058	16.171725	0.225244	21.294543	86.156244	23.5	81.501996
1050255.839	20.510062	23.351427	16.192018	0.21839	21.349342	86.162028	23.5	81.50154
1050257.723	20.465025	23.364301	16.174137	0.215764	21.284677	86.148898	23.5	81.574138
1050257.993	20.336071	23.351485	16.172507	0.203601	21.197288	86.157099	23.5	81.601867
1050259.799	20.532461	23.310649	16.154756	0.229659	21.306153	86.161312	23.5	81.748884
1050262.553	20.442387	23.354042	16.167701	0.238302	21.299118	86.160577	23.5	81.86566
1050262.82	20.466675	23.349717	16.170346	0.228728	21.396865	86.160577	23.5	81.883255
1050265.328	20.447239	23.430929	16.215497	0.288425	21.203213	86.154626	23.5	81.877952
1050266.33	20.447036	23.451448	16.246789	0.306754	21.318001	86.151149	23.5	81.876718
1050267.592	20.407758	23.475806	16.268843	0.313217	21.344159	86.157518	23.5	81.865686
1050267.884	20.424062	23.486333	16.291623	0.319997	21.240852	86.1514	23.5	81.85729
1050269.757	20.417392	23.583639	16.272559	0.340449	21.263941	86.156346	23.5	81.731435
1050270.051	20.417225	23.588735	16.297751	0.337171	21.263941	86.156346	23.5	81.717975
1050271.182	20.565975	23.606454	16.279916	0.34844	21.269496	86.153427	23.5	81.66715
1050273.319	20.478161	23.702503	16.316545	0.362317	21.302689	86.157351	23.5	81.465542
1050275.481	20.466675	23.693844	16.325309	0.344361	21.283936	86.155305	23.5	81.333878
1050276.034	20.421301	23.696233	16.331689	0.352146	21.339106	86.15987	23.5	81.296342
1050278.683	20.530035	23.605834	16.349803	0.328379	21.287137	86.155537	23.5	81.256126
1050279.545	20.485943	23.586179	16.324983	0.312994	21.334532	86.162985	23.5	81.247312
1050281.278	20.492242	23.567495	16.357747	0.319625	21.255054	86.154849	23.5	81.218835
1050281.699	20.481294	23.569817	16.350362	0.322009	21.305651	86.154263	23.5	81.206676
1050282.878	20.518549	23.546591	16.34537	0.307164	21.389222	86.15258	23.5	81.205691
1050283.698	20.41756	23.530623	16.327684	0.307443	21.304911	86.155677	23.5	81.210712
1050286.301	20.381616	23.4978	16.325672	0.281087	21.322445	86.150191	23.5	81.23327
1050287.525	20.573923	23.469042	16.295116	0.294498	21.440553	86.150684	23.5	81.269463
1050287.819	20.339371	23.466359	16.295125	0.290884	21.267644	86.153027	23.5	81.275349
1050290.744	20.499247	23.459251	16.215134	0.240779	21.291473	86.148675	23.5	81.324661
1050291.03	20.417358	23.465647	16.236703	0.235787	21.353917	86.153929	23.5	81.321776
1050293.069	20.388622	23.464147	16.240475	0.238879	21.432408	86.156821	23.5	81.348149
1050293.609	20.482944	23.464214	16.196852	0.233719	21.250002	86.153659	23.5	81.3543
1050294.629	20.511845	23.417627	16.204507	0.211666	21.446978	86.157313	23.5	81.417093
1050297.092	20.402703	23.426671	16.189904	0.216937	21.315541	86.150423	23.5	81.474014
1050298.66	20.409003	23.444583	16.199432	0.219079	21.31578	86.163831	23.5	81.494249
1050299.256	20.430865	23.395138	16.214025	0.212448	21.2737	86.152785	23.5	81.5594
1050300.32	20.420287	23.416982	16.20786	0.207009	21.38872	86.15709	23.5	81.573897
1050302.15	20.565332	23.447173	16.179045	0.223959	21.518429	86.15935	23.5	81.57911
1050303.225	20.457139	23.435338	16.174705	0.211629	21.403291	86.158057	23.5	81.609934
1050304.487	20.473073	23.42098	16.184922	0.220923	21.295917	86.158699	23.5	81.650959
1050306.288	20.468088	23.42787	16.156973	0.202837	21.368118	86.155575	23.5	81.688734
1050307.179	20.549771	23.449042	16.147333	0.2009	21.397976	86.157313	23.5	81.688204
1050310.254	20.385252	23.37845	16.185965	0.223792	21.427726	86.155426	23.5	81.847432
1050311.498	20.494193	23.396236	16.18576	0.219731	21.340719	86.158597	23.5	81.874301
1050312.867	20.531413	23.437207	16.177583	0.223792	21.375893	86.152971	23.5	81.877398
1050313.321	20.390643	23.430443	16.183702	0.227703	21.363304	86.154542	23.5	81.894009
1050316.375	20.56348	23.440686	16.162849	0.214534	21.448089	86.157313	23.5	81.964025
1050317.008	20.458622	23.426721	16.177164	0.213566	21.408104	86.161498	23.5	81.991648
1050318.34	20.605514	23.406437	16.196032	0.21446	21.367747	86.15789	23.5	82.049767
1050320.184	20.473241	23.418239	16.204526	0.23154	21.274441	86.155928	23.5	82.090253
1050320.899	20.510832	23.425539	16.229923	0.22463	21.289992	86.156858	23.5	82.102454
1055318.796	21.470501	1.086963	1.743582	0.240351	21.331181	86.120697	1	7.237781
1055319.348	21.457905	1.032807	1.723987	0.251061	21.359691	86.124109	1	7.281799
1055322.986	21.382567	0.992977	1.633286	0.254469	21.286749	86.125262	1	7.320039
1055323.587	21.409224	0.999657	1.621337	0.251918	21.280454	86.119153	1	7.313746
1055324.982	21.477345	0.996304	1.584876	0.257077	21.380795	86.122305	1	7.31838
1055326.565	21.528064	1.013227	1.552605	0.257673	21.381165	86.117777	1	7.300191
1055327.006	21.48456	1.015096	1.554403	0.267098	21.299338	86.124955	1	7.296308
1055329.38	21.504922	1.036118	1.552233	0.294889	21.221072	86.121766	1	7.257225
1055329.648	21.453092	1.033956	1.54196	0.306027	21.221072	86.121766	1	7.256056
1055331.788	21.507143	1.050057	1.537602	0.311597	21.196262	86.122817	1	7.204554
1055332.055	21.580441	1.060208	1.531827	0.309362	21.196262	86.122817	1	7.189436
1055334.267	21.590806	1.076661	1.529127	0.325585	21.350435	86.125857	1	7.118669
1055334.837	21.46549	1.080308	1.533727	0.329478	21.319937	86.123904	1	7.100134
1055338.229	21.530095	1.094163	1.494165	0.339238	21.340672	86.124862	1	6.970998
1055338.49	21.488813	1.092453	1.495385	0.336035	21.242043	86.130255	1	6.964612
1055339.921	21.553228	1.076544	1.485746	0.338624	21.347201	86.124472	1	6.937156
1055342.481	21.473635	1.053016	1.460935	0.326516	21.336093	86.122389	1	6.914447
1055342.751	21.637439	1.053167	1.45328	0.329776	21.344004	86.121589	1	6.909503
1055345.145	21.564144	1.001233	1.408204	0.30111	21.229219	86.119655	1	6.932147
1055345.506	21.648544	0.984243	1.401666	0.29867	21.38251	86.114708	1	6.950149
1055346.793	21.608196	0.976054	1.394299	0.304295	21.28328	86.120966	1	6.966871
1055348.976	21.567476	0.96587	1.363305	0.269184	21.340672	86.122566	1	6.995165
1055349.415	21.622443	0.953573	1.360064	0.265533	21.388805	86.121143	1	7.013718
1055351.154	21.63595	0.941109	1.346494	0.248509	21.275134	86.130804	1	7.061611
1055353.626	21.664642	0.934639	1.32729	0.227554	21.363122	86.12078	1	7.113133
1055354.373	21.530638	0.911597	1.324012	0.219396	21.306978	86.120371	1	7.155608
1055356.998	21.637069	0.899669	1.311309	0.205072	21.273517	86.123374	1	7.247726
1055357.258	21.605605	0.894992	1.296706	0.197845	21.273517	86.123374	1	7.261354
1055359.204	21.476588	0.872856	1.283779	0.204737	21.300782	86.122742	1	7.363736
1055359.714	21.508236	0.879125	1.284738	0.19004	21.437404	86.118493	1	7.378338
1055361.089	21.682409	0.868547	1.284412	0.210399	21.310174	86.124183	1	7.442041
1055365.586	21.556551	0.926315	1.313935	0.300924	21.339425	86.127057	1	7.563443
1055365.857	21.66131	0.931973	1.307397	0.300756	21.322023	86.124779	1	7.564087
1055367.947	21.612078	0.979683	1.346019	0.318861	21.19636	86.124611	1	7.548757
1055372.124	21.543595	0.973464	1.345181	0.329869	21.366454	86.123653	1	7.555647
1055372.532	21.617631	0.95815	1.348338	0.337413	21.310409	86.126434	1	7.574511
1055374.283	21.53545	0.981451	1.313945	0.313646	21.394827	86.124695	1	7.571212
1055374.545	21.583756	0.97089	1.317027	0.312491	21.344103	86.121673	1	7.58396
1055376.701	21.540263	0.950497	1.295514	0.299266	21.285971	86.1233	1	7.627351
1055376.974	21.631146	0.945074	1.29665	0.302358	21.410007	86.124844	1	7.63742
1055378.089	21.719053	0.960891	1.302173	0.282558	21.302127	86.130358	1	7.640772
1055379.805	21.565255	0.909853	1.299826	0.271624	21.321146	86.127559	1	7.729759
1055380.134	21.598563	0.897054	1.30113	0.263503	21.288563	86.128042	1	7.753216
1055383.039	21.656317	0.913449	1.288864	0.252514	21.395197	86.129437	1	7.827402
1055383.521	21.788456	0.932602	1.283295	0.241636	21.316703	86.123523	1	7.820511
1055385.147	21.715352	0.895202	1.254228	0.202297	21.428753	86.119785	1	7.906375
1055385.82	21.566176	0.88625	1.257404	0.210232	21.412968	86.123374	1	7.939174
1055386.208	21.676676	0.89785	1.248333	0.209319	21.244733	86.123663	1	7.941666
1055388.276	21.57451	0.880793	1.23102	0.206208	21.443562	86.122965	1	8.037759
1055389.178	21.545265	0.883056	1.230573	0.208816	21.266951	86.124695	1	8.070475
1055390.22	21.607826	0.869469	1.227248	0.199633	21.368403	86.122631	1	8.129448
1055391.573	21.532678	0.871464	1.241767	0.20293	21.300411	86.124704	1	8.187768
1055392.013	21.510277	0.876259	1.242344	0.205705	21.418016	86.122835	1	8.201537
1055393.555	21.653916	0.874088	1.257041	0.210753	21.374327	86.122928	1	8.270779
1055394.835	21.511017	0.872344	1.264082	0.230404	21.359752	86.1233	1	8.328253
1055395.872	21.502132	0.858397	1.271681	0.231	21.346188	86.122259	1	8.389575
1055396.138	21.59598	0.856955	1.272482	0.227573	21.299769	86.124221	1	8.403538
1055398.508	21.493807	0.854499	1.266652	0.239922	21.324713	86.121143	1	8.527925
1055398.779	21.501581	0.855379	1.26329	0.245529	21.343967	86.124816	1	8.540138
1055400.66	21.520832	0.872604	1.272678	0.24538	21.209185	86.122435	1	8.607849
1055402.138	21.471956	0.902527	1.296063	0.257878	21.352112	86.126889	1	8.629763
1055403.462	21.48066	0.919442	1.315081	0.252532	21.404922	86.120343	1	8.651445
1055404.175	21.635588	0.938033	1.3159	0.258195	21.342486	86.128758	1	8.649205
1055405.828	21.612449	0.983119	1.331966	0.285892	21.315321	86.125764	1	8.630151
1055407.724	21.479369	0.995776	1.342136	0.272109	21.347299	86.127373	1	8.62353
1055408.19	21.494917	0.99555	1.340999	0.270749	21.339017	86.125978	1	8.624342
1055410.592	21.563404	1.130909	1.358117	0.283061	21.265704	86.126034	1	8.467673
1055411.036	21.41532	1.190639	1.365568	0.277473	21.299029	86.123347	1	8.384496
1055413.113	21.695923	1.258247	1.429624	0.267527	21.353692	86.125067	1	8.150717
1055414.048	21.694813	1.258909	1.475557	0.289375	21.37123	86.12065	1	8.06943
1055415.158	21.601533	1.240259	1.525485	0.28714	21.340869	86.125987	1	7.993876
1055415.617	21.553409	1.242749	1.542873	0.285725	21.282601	86.121227	1	7.955069
1055417.244	21.606164	1.177328	1.586897	0.304314	21.409969	86.117182	1	7.90937
1055417.526	21.451421	1.149232	1.592503	0.304556	21.289266	86.119032	1	7.921156
1055419.336	21.610787	1.081774	1.599479	0.310107	21.392938	86.120873	1	7.926179
1055420.417	21.550077	1.068917	1.580983	0.318265	21.319998	86.127698	1	7.912947
1055421.042	21.628925	1.064432	1.572545	0.304183	21.265938	86.120948	1	7.902651
1055422.489	21.563034	1.078883	1.538142	0.312733	21.328514	86.122631	1	7.855541
1055424.631	21.609315	1.068841	1.512167	0.322922	21.388495	86.123105	1	7.813672
1055426.499	21.547305	1.06833	1.488903	0.328025	21.369847	86.121589	1	7.771256
1055427.636	21.600422	1.071766	1.474933	0.321785	21.304311	86.125309	1	7.742173
1055428.091	21.658357	1.073317	1.466979	0.331285	21.310371	86.120697	1	7.729743
1055429.768	21.612827	1.07434	1.451855	0.32661	21.438576	86.122482	1	7.687663
1055431.641	21.543422	1.079428	1.425163	0.334936	21.313062	86.125364	1	7.633979
1055432.093	21.643	1.073837	1.418895	0.341846	21.35837	86.123886	1	7.627253
1055434.551	21.62005	1.061599	1.420106	0.34762	21.3101	86.125309	1	7.578623
1055434.811	21.713329	1.073753	1.423449	0.341418	21.3101	86.125309	1	7.56062
1055436.876	21.684647	1.072898	1.411976	0.355257	21.374895	86.120008	1	7.512701
1055437.319	21.656507	1.079042	1.406835	0.348589	21.255669	86.119023	1	7.495215
1055439.802	21.672983	1.046109	1.355007	0.331471	21.347496	86.122259	1	7.472686
1055440.881	21.562302	1.042145	1.348348	0.340747	21.453015	86.126062	1	7.459163
1055441.248	21.466609	1.026161	1.349456	0.342498	21.267148	86.126071	1	7.470925
1055443.734	21.57896	1.012674	1.324254	0.330074	21.228638	86.124816	1	7.475774
1055444.091	21.631344	1.010025	1.325642	0.337487	21.351939	86.130125	1	7.476939
1055444.813	21.55916	1.012632	1.323276	0.325771	21.329724	86.12105	1	7.471777
1055446.982	21.818994	0.983748	1.310797	0.304239	21.380313	86.122538	1	7.497234
1055447.42	21.709627	0.98198	1.303551	0.296658	21.365269	86.123188	1	7.501491
1055449.141	21.648372	0.971385	1.281842	0.28958	21.380819	86.123328	1	7.531419
1055450.962	21.639858	0.951553	1.255988	0.265049	21.435244	86.118009	1	7.576942
1055451.464	21.640228	0.94732	1.256948	0.260132	21.377721	86.118697	1	7.58896
